8	2
1.	0.
0.6234898018587335	0.7818314824680298
-0.2225209339563144	0.9749279121818236
-0.9009688679024191	0.4338837391175581
-0.9009688679024191	-0.4338837391175581
-0.2225209339563144	-0.9749279121818236
0.6234898018587335	-0.7818314824680298
0.	0.
8	2
1.	0.
-0.9945176924593782	0.5120273023878563
0.5462988136685639	-0.9309132286056374
-0.14112011830132726	0.8292662737652547
-0.16103475274527373	-1.2142771005144413
0.8910739641198261	1.0615694872482542
-1.0479125302733556	-0.2954888429816665
0.	0.
7	3
7	0	1
7	1	2
7	2	3
7	3	4
7	4	5
7	5	6
7	6	0
2
0
7