resV 8 2
1 0 0.08117661420053976 0.16055151956351651 -0.015169755096642708 0.032614676398340252 -0.013175389801198001 0.023467584059869047 -0.030198990322254485 0.020152519048237331 -0.070646494388527117 -0.066273681646228211 -0.033944819496992615 -0.17320646354208905 0 0 
first_non_flip_iter 1 1
1 
first_non_flip_V 8 2
1 0 -0.99451769245937816 0.51202730238785632 0.54629881366856392 -0.93091322860563741 -0.14112011830132726 0.82926627376525475 -0.16103475274527373 -1.2142771005144413 0.89107396411982609 1.0615694872482542 -1.0479125302733556 -0.2954888429816665 0 0 
first_locally_injective_iter 1 1
42 
first_locally_injective_V 8 2
1 0 0.08117661420053976 0.16055151956351651 -0.015169755096642708 0.032614676398340252 -0.013175389801198001 0.023467584059869047 -0.030198990322254485 0.020152519048237331 -0.070646494388527117 -0.066273681646228211 -0.033944819496992615 -0.17320646354208905 0 0 
energy 42
0.7030541515477482 0.48371986370519382 0.24733553141395481 0.19774498727013745 0.13051577871113362 0.12320236633949444 0.098482705576969087 0.084684880139901608 0.071988313192980102 0.057004322505096128 0.054443370014314263 0.045817700685780893 0.0454750993040621 0.042344991402131577 0.0413703296989342 0.034431490941615434 0.033036600842421715 0.031074951609891988 0.030238250427498975 0.028879378018729585 0.026903730904024398 0.025094781590872611 0.024837190369214723 0.024089737592377147 0.022398919946206852 0.020635889668142671 0.020166114125289125 0.020142027274906243 0.019614773860747281 0.019219100535933009 0.018522253908283409 0.017264717580483202 0.016806537433640661 0.015458498052065811 0.014721593470864686 0.01010037346450729 0.0092891670919717784 0.0082849091604148828 0.0071880155824670389 0.0066764461974549161 0.0064628829791646136 0.0063490920908903514 
minArea 42
0.14774442149083325 0.10278554336500026 -0.037929542337896173 -0.030822277795070033 -0.029448407566494413 -0.0048365926229234574 0.0053155846189998227 -0.0020756541853003533 -0.0033062541378681503 -0.00049215034283101619 0.00044461282097639943 -0.0033034614392854511 -0.0025720885868447075 -0.0030035486927427004 -0.0004834725400279157 -0.00024146356419261475 0.0010688597337116959 -1.8867861066799996e-05 -0.0003906743154103609 -0.00024465592350349501 0.0025357002364902364 0.00061109802893450239 -0.00010002980303340159 0.00043866813865175151 0.0013318180629805869 0.001164750425409658 7.6361198139124963e-05 -0.00055891367519132643 1.6448526867087269e-06 0.00015741543847460365 0.00052411069034849652 -0.00042712927839249655 6.8944340974542217e-05 0.0004231106588608549 -0.00022181638164808806 -0.00040480840605597475 -0.00027420409207381012 -0.00019975497488991271 -0.00018259209037461613 -1.5124828507631536e-05 -7.2982079247617691e-06 3.6856785944987844e-05 
gradNorm 42
0.4870532321235122 0.42196834200120176 0.82794509500616975 0.99879677364543373 0.63759435375376905 0.3810518021242541 0.20626213905733454 0.28730810672890589 0.26248469612256825 0.16244884784227989 0.43198280965017061 0.08671954981274721 0.2878461718671057 0.082124175681608069 0.28120296657854327 0.084240839776715912 0.11536426865992447 0.064721558878542237 0.06511967733396358 0.061112041078105563 0.075313266469324361 0.052274354475522547 0.065741534206646066 0.044383821547665486 0.057985326480564495 0.071828776290759302 0.052676345122304458 0.06323969160149244 0.029045588849873967 0.04038419483618845 0.04586697934558074 0.084811740141156694 0.084332966096554066 0.049559755211142885 0.10276017414552158 0.082520639480181887 0.061811967794043507 0.044163328925070612 0.034796027284914911 0.044451917899698018 0.031075297382781329 0.02444576107692769 
initSingularValues 7 2
2.3739560178834291 0.27587179209239954 2.4327519880838833 0.33968930444466111 2.1817707087080032 0.18856895797091 2.3649234935465455 0.16490226820643369 2.8908643761542789 0.40309428982677581 2.732910874456842 0.39740683565564933 2.3849389949607707 0.15847131381929561 
resultSingularValues 7 2
1.2227458728270391 0.16794421947589344 0.21442381600773067 0.030320785502837677 0.036411446661646571 0.0025893834469613037 0.0363559559186174 0.015591628541858858 0.12066949333317659 0.036304712716995771 0.1818573941634308 0.070239501538173738 1.3144466711617655 0.16854193248990609 
last_injective_iter 1 1
42 
last_injective_V 8 2
1 0 0.08117661420053976 0.16055151956351651 -0.015169755096642708 0.032614676398340252 -0.013175389801198001 0.023467584059869047 -0.030198990322254485 0.020152519048237331 -0.070646494388527117 -0.066273681646228211 -0.033944819496992615 -0.17320646354208905 0 0 
last_injective_singular_values 7 2
1.2227458728270391 0.16794421947589344 0.21442381600773067 0.030320785502837677 0.036411446661646571 0.0025893834469613037 0.0363559559186174 0.015591628541858858 0.12066949333317659 0.036304712716995771 0.1818573941634308 0.070239501538173738 1.3144466711617655 0.16854193248990609 
