resV 8 2
1 0 0.47005064608073932 0.29397184458904879 -0.64474065706354644 0.055104045683390598 -0.47430727265752531 -0.59227282982351759 -0.024651237952373103 -0.070671951735727573 0.30916364644022964 -0.31591145373402235 0.16798220591618512 -0.15815821622191789 0 0 
first_non_flip_iter 1 1
1 
first_non_flip_V 8 2
1 0 -0.99451769245937816 0.51202730238785632 0.54629881366856392 -0.93091322860563741 -0.14112011830132726 0.82926627376525475 -0.16103475274527373 -1.2142771005144413 0.89107396411982609 1.0615694872482542 -1.0479125302733556 -0.2954888429816665 0 0 
first_locally_injective_iter 1 1
39 
first_locally_injective_V 8 2
1 0 0.47005064608073932 0.29397184458904879 -0.64474065706354644 0.055104045683390598 -0.47430727265752531 -0.59227282982351759 -0.024651237952373103 -0.070671951735727573 0.30916364644022964 -0.31591145373402235 0.16798220591618512 -0.15815821622191789 0 0 
energy 39
0.69778303341433801 0.47928910989003359 0.24225681779669694 0.20734122808270644 0.16205706613402043 0.12166101683366193 0.088208007031388258 0.060153709729055233 0.053835658081743398 0.052460602582650562 0.050480328613053876 0.049004145475373823 0.046188000993201778 0.042950798078124269 0.042380560450804239 0.039042875230101803 0.038913390922111796 0.035218299834590183 0.034476656867281769 0.033395986720496651 0.032331961354786332 0.02913800590347998 0.028929963438839745 0.028527764151246748 0.028380652013222096 0.028274776803151103 0.028186395869761793 0.027903934054763324 0.027843916239053357 0.027591951054803832 0.027148259244581086 0.026591271377406245 0.026476057115881635 0.024794824493374779 0.024319075884286168 0.024050928190098131 0.02290249588309623 0.021795632544250432 0.019691836399063578 
minArea 39
0.14774442149083325 0.10300982157658985 -0.038297375533576782 -0.033835873295013093 -0.044008974861750261 -0.028591366215857103 0.0010294916351496614 -0.0029703114629938306 -3.035275212816503e-05 -0.00038566594252273389 -0.0028396045977995329 -0.0026956701249085642 -0.0018498436579697385 0.0016339561764025046 0.01275157614728711 0.010303824137153568 -0.0011772833119085497 0.0081192852440726705 0.0066876491893519147 0.0055382452432604801 0.0087327791158678635 0.0063655306618339335 0.0059088239231909088 0.0054175081886330542 0.0044704409871985573 0.0032850223291556245 0.0023031792241006372 0.00058483635924383556 0.00039362144248971396 7.7566463002643951e-05 -0.00036622094371454428 -0.0010612955152724552 -0.0036723454857861635 -0.0020340863039797707 -0.0018238731076413433 -0.0016503230427876484 -0.0025759912681041388 -0.0011057710404256762 0.0020853660153897567 
gradNorm 39
0.48522186062402539 0.42256701264917063 0.82445892480261063 1.0734107983049059 0.46295880115262106 0.39208121170103616 0.22886480573599549 0.20747232167151475 0.10846000859959297 0.16675289690922576 0.094321016274957439 0.055988400313374966 0.05618758451774921 0.1698533928109609 0.118693572342031 0.090181096883594047 0.23100284824679745 0.051218573213971483 0.046217237467247124 0.059719876902418326 0.053567043578236086 0.043807523266221053 0.046169414518183412 0.017433370119662162 0.012372986489541033 0.008322683043164714 0.0090986495037917274 0.02977037229464875 0.036601504072209461 0.054451079335722102 0.046862278759875746 0.079927699854705339 0.11538128728054617 0.080158983781582233 0.03815300019008213 0.029054483584714109 0.082836144753342625 0.06229484136948775 0.24075326717681961 
initSingularValues 7 2
2.3739560178834291 0.27587179209239954 2.4327519880838833 0.33968930444466111 2.1817707087080032 0.18856895797091 2.3649234935465455 0.16490226820643369 2.8908643761542789 0.40309428982677581 2.732910874456842 0.39740683565564933 2.3849389949607707 0.15847131381929561 
resultSingularValues 7 2
1.0220301791641568 0.36789921648503893 1.3149728012358846 0.20955158883342428 0.80744505638487674 0.64629762962379034 0.91713735710269539 0.026385949494071845 0.54214047440597579 0.069920805355659185 0.44576612614807148 0.011967186786205305 1.1619174178293992 0.17410183224238363 
last_injective_iter 1 1
39 
last_injective_V 8 2
1 0 0.47005064608073932 0.29397184458904879 -0.64474065706354644 0.055104045683390598 -0.47430727265752531 -0.59227282982351759 -0.024651237952373103 -0.070671951735727573 0.30916364644022964 -0.31591145373402235 0.16798220591618512 -0.15815821622191789 0 0 
last_injective_singular_values 7 2
1.0220301791641568 0.36789921648503893 1.3149728012358846 0.20955158883342428 0.80744505638487674 0.64629762962379034 0.91713735710269539 0.026385949494071845 0.54214047440597579 0.069920805355659185 0.44576612614807148 0.011967186786205305 1.1619174178293992 0.17410183224238363 
