169	2
0.	0.
0.	0.08333333333333333
0.	0.16666666666666666
0.	0.25
0.	0.3333333333333333
0.	0.4166666666666667
0.	0.5
0.	0.5833333333333334
0.	0.6666666666666666
0.	0.75
0.	0.8333333333333334
0.	0.9166666666666666
0.	1.
0.08333333333333333	0.
0.08333333333333333	0.08333333333333333
0.08333333333333333	0.16666666666666666
0.08333333333333333	0.25
0.08333333333333333	0.3333333333333333
0.08333333333333333	0.4166666666666667
0.08333333333333333	0.5
0.08333333333333333	0.5833333333333334
0.08333333333333333	0.6666666666666666
0.08333333333333333	0.75
0.08333333333333333	0.8333333333333334
0.08333333333333333	0.9166666666666666
0.08333333333333333	1.
0.16666666666666666	0.
0.16666666666666666	0.08333333333333333
0.16666666666666666	0.16666666666666666
0.16666666666666666	0.25
0.16666666666666666	0.3333333333333333
0.16666666666666666	0.4166666666666667
0.16666666666666666	0.5
0.16666666666666666	0.5833333333333334
0.16666666666666666	0.6666666666666666
0.16666666666666666	0.75
0.16666666666666666	0.8333333333333334
0.16666666666666666	0.9166666666666666
0.16666666666666666	1.
0.25	0.
0.25	0.08333333333333333
0.25	0.16666666666666666
0.25	0.25
0.25	0.3333333333333333
0.25	0.4166666666666667
0.25	0.5
0.25	0.5833333333333334
0.25	0.6666666666666666
0.25	0.75
0.25	0.8333333333333334
0.25	0.9166666666666666
0.25	1.
0.3333333333333333	0.
0.3333333333333333	0.08333333333333333
0.3333333333333333	0.16666666666666666
0.3333333333333333	0.25
0.3333333333333333	0.3333333333333333
0.3333333333333333	0.4166666666666667
0.3333333333333333	0.5
0.3333333333333333	0.5833333333333334
0.3333333333333333	0.6666666666666666
0.3333333333333333	0.75
0.3333333333333333	0.8333333333333334
0.3333333333333333	0.9166666666666666
0.3333333333333333	1.
0.4166666666666667	0.
0.4166666666666667	0.08333333333333333
0.4166666666666667	0.16666666666666666
0.4166666666666667	0.25
0.4166666666666667	0.3333333333333333
0.4166666666666667	0.4166666666666667
0.4166666666666667	0.5
0.4166666666666667	0.5833333333333334
0.4166666666666667	0.6666666666666666
0.4166666666666667	0.75
0.4166666666666667	0.8333333333333334
0.4166666666666667	0.9166666666666666
0.4166666666666667	1.
0.5	0.
0.5	0.08333333333333333
0.5	0.16666666666666666
0.5	0.25
0.5	0.3333333333333333
0.5	0.4166666666666667
0.5	0.5
0.5	0.5833333333333334
0.5	0.6666666666666666
0.5	0.75
0.5	0.8333333333333334
0.5	0.9166666666666666
0.5	1.
0.5833333333333334	0.
0.5833333333333334	0.08333333333333333
0.5833333333333334	0.16666666666666666
0.5833333333333334	0.25
0.5833333333333334	0.3333333333333333
0.5833333333333334	0.4166666666666667
0.5833333333333334	0.5
0.5833333333333334	0.5833333333333334
0.5833333333333334	0.6666666666666666
0.5833333333333334	0.75
0.5833333333333334	0.8333333333333334
0.5833333333333334	0.9166666666666666
0.5833333333333334	1.
0.6666666666666666	0.
0.6666666666666666	0.08333333333333333
0.6666666666666666	0.16666666666666666
0.6666666666666666	0.25
0.6666666666666666	0.3333333333333333
0.6666666666666666	0.4166666666666667
0.6666666666666666	0.5
0.6666666666666666	0.5833333333333334
0.6666666666666666	0.6666666666666666
0.6666666666666666	0.75
0.6666666666666666	0.8333333333333334
0.6666666666666666	0.9166666666666666
0.6666666666666666	1.
0.75	0.
0.75	0.08333333333333333
0.75	0.16666666666666666
0.75	0.25
0.75	0.3333333333333333
0.75	0.4166666666666667
0.75	0.5
0.75	0.5833333333333334
0.75	0.6666666666666666
0.75	0.75
0.75	0.8333333333333334
0.75	0.9166666666666666
0.75	1.
0.8333333333333334	0.
0.8333333333333334	0.08333333333333333
0.8333333333333334	0.16666666666666666
0.8333333333333334	0.25
0.8333333333333334	0.3333333333333333
0.8333333333333334	0.4166666666666667
0.8333333333333334	0.5
0.8333333333333334	0.5833333333333334
0.8333333333333334	0.6666666666666666
0.8333333333333334	0.75
0.8333333333333334	0.8333333333333334
0.8333333333333334	0.9166666666666666
0.8333333333333334	1.
0.9166666666666666	0.
0.9166666666666666	0.08333333333333333
0.9166666666666666	0.16666666666666666
0.9166666666666666	0.25
0.9166666666666666	0.3333333333333333
0.9166666666666666	0.4166666666666667
0.9166666666666666	0.5
0.9166666666666666	0.5833333333333334
0.9166666666666666	0.6666666666666666
0.9166666666666666	0.75
0.9166666666666666	0.8333333333333334
0.9166666666666666	0.9166666666666666
0.9166666666666666	1.
1.	0.
1.	0.08333333333333333
1.	0.16666666666666666
1.	0.25
1.	0.3333333333333333
1.	0.4166666666666667
1.	0.5
1.	0.5833333333333334
1.	0.6666666666666666
1.	0.75
1.	0.8333333333333334
1.	0.9166666666666666
1.	1.
169	2
0.3333333333333333	0.3333333333333333
0.25	0.3333333333333333
0.16666666666666666	0.3333333333333333
0.08333333333333331	0.3333333333333333
0.	0.3333333333333333
0.	0.4166666666666667
0.	0.5
0.	0.5833333333333334
0.	0.6666666666666666
0.08333333333333337	0.6666666666666666
0.16666666666666674	0.6666666666666666
0.25	0.6666666666666666
0.33333333333333337	0.6666666666666666
0.3333333333333333	0.25
0.2759699489680575	0.2746714498320536
0.22999382763352424	0.2821163849111872
0.17809271725911857	0.31146748540706465
0.11909148346527314	0.3533721672025084
0.13150376341759673	0.4226338673271499
0.06470799964500817	0.49697171935238116
0.09510807510357008	0.5683307372331082
0.14788343905032084	0.6211016624613771
0.17674146787407613	0.6544818827636542
0.23875992603624824	0.6720976026225443
0.296101989857011	0.7014331955834111
0.3333333333333333	0.75
0.3333333333333333	0.16666666666666666
0.2851291484762115	0.223917097246521
0.24411065679756697	0.26719255873696357
0.22536033565834718	0.29945713492506243
0.21535023458851624	0.35671334942494837
0.22823670345790048	0.4212135897623653
0.16163615934888223	0.4908657115540293
0.19642085257720923	0.5510453300308612
0.23651637018024552	0.5946435384676659
0.24706397428381144	0.6458768154010162
0.2959854575359238	0.6974603886538506
0.3251998889032274	0.7557078488907389
0.3333333333333333	0.8333333333333333
0.3333333333333333	0.08333333333333331
0.32538986916415347	0.13385083213727217
0.3019772549606334	0.21900469119498267
0.2935396668789749	0.28899255758390724
0.29436945465300524	0.35461077974869687
0.31272104684739366	0.41745880490105725
0.25383956189200874	0.48499902561831015
0.2835415098882282	0.5463313048506774
0.3076720751016578	0.6088625795943976
0.3258890842082078	0.6724900532436241
0.3428978819270373	0.7371568161817696
0.34954733743272537	0.8148633595920687
0.3333333333333333	0.9166666666666666
0.3333333333333333	0.
0.3652328115480761	0.11018320438212933
0.37507829620110333	0.20943945335302278
0.3491024252122444	0.29472993685673055
0.36726665093300215	0.3485564399631728
0.3921328109160062	0.4122935817029275
0.34048109923243913	0.483079412610871
0.3663191003458086	0.5553579427819588
0.38670241170364555	0.6384758228214421
0.37501270469717085	0.7071078968092689
0.3857528187849689	0.7753113499010674
0.37676676831445216	0.8710041425788367
0.3333333333333333	1.
0.4166666666666667	0.
0.4389514489625661	0.09880424960749842
0.46148640845009253	0.18231108021105805
0.415258057395136	0.2720504536348531
0.44001611057422735	0.3401950829347717
0.4579793924037859	0.4024359339973978
0.4343325655051892	0.4820358158102947
0.4451849406436922	0.5733627210040706
0.4530176500669877	0.6400441244183354
0.4338213268619947	0.7121054418984408
0.43647089347643336	0.8096304423460198
0.42216289352591807	0.9095530369671988
0.4166666666666667	1.
0.5	0.
0.5152445109094586	0.09089175969878051
0.5257876842321451	0.16560983648183136
0.4985984530001466	0.2570707284903625
0.5088612987972877	0.34876335981991674
0.5145541762262189	0.4288918297190783
0.5236764387683734	0.5188292888557582
0.5070614774721492	0.6054333313366347
0.4923180936534568	0.6708433050310888
0.5074747156512991	0.7433251519618632
0.49284683771996773	0.8464835307687115
0.47689286164465533	0.9302001061096254
0.5	1.
0.5833333333333334	0.
0.5819081904786143	0.09862539189229523
0.5717008583224128	0.19915022211666045
0.5670787532297245	0.29141506423344615
0.5749409073496233	0.3725715195444444
0.5875344545330541	0.4487150602866583
0.6091110135127787	0.5171541906631859
0.5679564434855323	0.5762120731703856
0.5602152982148532	0.6533084755401696
0.5753588079216113	0.719676383733267
0.5612917517107768	0.791228484415346
0.552787910310724	0.8949639628122169
0.5833333333333334	1.
0.6666666666666666	0.
0.6287160894076704	0.13610053305649916
0.6281159795861763	0.24607977854552834
0.620255022322699	0.3248547768837642
0.651361738988756	0.3927890263238031
0.651562452352574	0.4620545066136798
0.6842183024776314	0.5107791355964544
0.6397179894595065	0.5863350794561795
0.6316195598604176	0.6713340040917685
0.6161927141707099	0.7391858026571877
0.6230895244903487	0.8037360745588306
0.6320610632759859	0.8930995438330034
0.6666666666666666	1.
0.6666666666666666	0.08333333333333337
0.6572381747254861	0.1894144724511777
0.6720452266360267	0.2602048853055519
0.6797777324592151	0.3214184957715986
0.7198748516534765	0.3790737049681787
0.72558675225065	0.4408351201982972
0.7630549211503767	0.5022824561931725
0.7162766861399029	0.5560134604542114
0.70862862252543	0.6195442166770814
0.6896039268703948	0.7099540664867259
0.686599780603501	0.793984587148504
0.6798891642513415	0.86591263847847
0.6666666666666666	0.9166666666666667
0.6666666666666666	0.16666666666666674
0.6812184193897101	0.24410163779948688
0.7138758270195458	0.30001004195996817
0.7529154810078256	0.34691725641439586
0.7897325535609357	0.39340862613279864
0.8193024455707993	0.4454583855599933
0.8471817453767071	0.4994822210019098
0.7857635950865696	0.5611264143481692
0.7887899777357891	0.6325022752254345
0.7723073087065674	0.7093915050482749
0.722647696026369	0.7818136944857191
0.7046931122688594	0.809911338736927
0.6666666666666666	0.8333333333333334
0.6666666666666666	0.25
0.7108179546238693	0.29831376041355684
0.7864801480006277	0.32910421605521906
0.8277517733531532	0.35848845359861237
0.8929640175297101	0.38967883605731496
0.8972946835564168	0.44706305377646693
0.9270252093048674	0.48402915959645
0.8906496175912132	0.5569338565372066
0.8857867956345589	0.6380635922551482
0.8629738697737834	0.6795539167199738
0.7697491143015752	0.7298684030164193
0.7225393657005383	0.7318732964409542
0.6666666666666666	0.7500000000000001
0.6666666666666666	0.3333333333333333
0.75	0.3333333333333333
0.8333333333333333	0.3333333333333333
0.9166666666666666	0.3333333333333333
1.	0.3333333333333333
1.	0.4166666666666667
1.	0.5
1.	0.5833333333333334
1.	0.6666666666666666
0.9166666666666667	0.6666666666666666
0.8333333333333334	0.6666666666666666
0.7500000000000001	0.6666666666666666
0.6666666666666666	0.6666666666666666
288	3
0	13	14
1	14	2
14	1	0
2	14	15
13	26	14
26	39	40
28	15	27
15	14	27
40	27	26
41	27	40
39	52	40
27	14	26
2	15	16
3	16	17
3	2	16
4	17	5
17	4	3
5	17	18
16	29	17
28	41	29
41	28	27
30	29	42
30	17	29
18	30	31
18	17	30
43	31	30
18	31	32
42	29	41
29	16	28
15	28	16
5	18	19
40	53	41
52	65	53
41	54	42
41	53	54
66	54	53
55	42	54
53	65	66
53	40	52
66	78	79
78	66	65
67	79	80
79	67	66
80	79	92
68	54	67
78	91	79
66	67	54
81	67	80
43	55	56
55	43	42
44	56	57
56	44	43
57	56	69
44	57	58
55	68	56
43	44	31
68	81	69
81	68	67
69	81	82
68	69	56
70	82	83
82	70	69
83	82	95
70	83	71
81	94	82
69	70	57
55	54	68
57	70	71
80	93	81
42	43	30
31	44	45
6	19	7
19	6	5
20	8	7
21	9	8
20	7	19
20	32	33
32	20	19
21	33	34
33	21	20
34	33	46
9	21	22
32	45	33
20	21	8
19	18	32
35	21	34
10	22	23
22	10	9
12	11	24
23	11	10
24	11	23
22	35	23
23	36	24
36	23	35
36	35	48
24	36	37
25	37	38
37	25	24
38	37	50
36	49	37
24	25	12
22	21	35
34	47	35
45	58	46
58	45	44
46	47	34
59	47	46
60	48	47
47	48	35
59	46	58
45	46	33
59	71	72
71	59	58
60	72	73
72	60	59
85	73	72
48	60	61
72	71	84
59	60	47
58	57	71
74	60	73
49	61	62
61	49	48
51	50	63
62	50	49
63	50	62
50	51	38
61	74	62
49	50	37
62	75	63
75	62	74
87	75	74
63	75	76
64	76	77
76	64	63
89	77	76
76	75	88
63	64	51
61	60	74
74	73	86
48	49	36
32	31	45
83	84	71
91	104	92
94	81	93
105	93	92
106	94	93
95	82	94
105	92	104
93	80	92
105	117	118
117	105	104
106	118	119
118	106	105
119	118	131
94	106	107
117	130	118
105	106	93
120	106	119
96	95	108
107	95	94
84	96	97
84	83	96
109	97	96
84	97	98
108	95	107
83	95	96
108	120	121
120	108	107
121	120	133
108	121	122
109	122	110
122	109	108
110	122	123
109	110	97
121	134	122
108	109	96
107	106	120
97	110	111
119	132	120
92	79	91
130	143	131
133	120	132
144	132	131
145	133	132
134	121	133
144	131	143
132	119	131
144	156	157
156	144	143
145	157	158
157	145	144
133	145	146
144	145	132
159	145	158
135	134	147
146	134	133
123	135	136
123	122	135
148	136	135
123	136	137
147	134	146
122	134	135
147	159	160
159	147	146
147	160	161
148	161	149
161	148	147
149	161	162
148	149	136
147	148	135
146	145	159
136	149	150
131	118	130
110	123	124
85	98	99
85	84	98
86	99	87
99	86	85
87	99	100
86	87	74
98	111	99
85	86	73
111	124	125
111	110	124
113	100	112
100	99	112
125	112	111
126	112	125
124	137	125
112	99	111
97	111	98
87	100	101
88	101	102
88	87	101
89	102	90
102	89	88
90	102	103
89	90	77
101	114	102
88	89	76
113	126	114
126	113	112
115	114	127
115	102	114
103	115	116
103	102	115
128	116	115
127	114	126
114	101	113
100	113	101
125	138	126
87	88	75
137	150	138
137	136	150
126	139	127
126	138	139
151	139	138
140	127	139
138	150	151
138	125	137
150	163	151
163	150	162
151	163	164
152	164	165
164	152	151
153	139	152
151	152	139
124	123	137
166	152	165
128	140	141
140	128	127
129	141	142
141	129	128
142	141	154
140	153	141
128	129	116
153	166	154
166	153	152
154	166	167
153	154	141
154	168	155
168	154	167
154	155	142
140	139	153
127	128	115
162	150	149
84	85	72
48
0
1
2
3
4
5
6
7
8
9
10
11
12
13
25
26
38
39
51
52
64
65
77
78
90
91
103
104
116
117
129
130
142
143
155
156
157
158
159
160
161
162
163
164
165
166
167
168