630	3
0.	0.02	0.04
0.	0.03732051	0.03
0.	0.03732051	0.01
0.	0.03	0.00267949
0.	0.01	0.0026795
0.	0.00267949	0.03
0.	0.01000001	0.03732051
1.	0.02	0.04
1.	0.03732051	0.03
1.	0.03	0.00267949
1.	0.00267949	0.03
0.	0.02522267	0.01698469
1.	0.0271537	0.01647201
0.	0.01477733	0.02301531
1.	0.01336782	0.01556872
1.	0.01947848	0.02795928
0.	0.02464746	0.02804964
0.	0.01535254	0.01195037
0.	0.03	0.03732051
0.	0.04	0.02
0.	0.02	0.
0.	0.00267949	0.01
0.	0.	0.02
0.0212766	0.02	0.04
0.0212766	0.03	0.03732051
0.0212766	0.03732051	0.03
0.0212766	0.04	0.02
0.0212766	0.03732051	0.01
0.0212766	0.03	0.00267949
0.0212766	0.02	0.
0.0212766	0.01	0.0026795
0.0212766	0.00267949	0.01
0.0212766	0.	0.02
0.0212766	0.00267949	0.03
0.0212766	0.01000001	0.03732051
0.0425532	0.02	0.04
0.0425532	0.03	0.03732051
0.0425532	0.03732051	0.03
0.0425532	0.04	0.02
0.0425532	0.03732051	0.01
0.0425532	0.03	0.00267949
0.0425532	0.02	0.
0.0425532	0.01	0.0026795
0.0425532	0.00267949	0.01
0.0425532	0.	0.02
0.0425532	0.00267949	0.03
0.0425532	0.01000001	0.03732051
0.06382981	0.02	0.04
0.06382981	0.03	0.03732051
0.06382981	0.03732051	0.03
0.06382981	0.04	0.02
0.06382981	0.03732051	0.01
0.06382981	0.03	0.00267949
0.06382981	0.02	0.
0.06382981	0.01	0.0026795
0.06382981	0.00267949	0.01
0.06382981	0.	0.02
0.06382981	0.00267949	0.03
0.06382981	0.01000001	0.03732051
0.08510641	0.02	0.04
0.08510641	0.03	0.03732051
0.08510641	0.03732051	0.03
0.08510641	0.04	0.02
0.08510641	0.03732051	0.01
0.08510641	0.03	0.00267949
0.08510641	0.02	0.
0.08510641	0.01	0.0026795
0.08510641	0.00267949	0.01
0.08510641	0.	0.02
0.08510641	0.00267949	0.03
0.08510641	0.01000001	0.03732051
0.106383	0.02	0.04
0.106383	0.03	0.03732051
0.106383	0.03732051	0.03
0.106383	0.04	0.02
0.106383	0.03732051	0.01
0.106383	0.03	0.00267949
0.106383	0.02	0.
0.106383	0.01	0.0026795
0.106383	0.00267949	0.01
0.106383	0.	0.02
0.106383	0.00267949	0.03
0.106383	0.01000001	0.03732051
0.1276596	0.02	0.04
0.1276596	0.03	0.03732051
0.1276596	0.03732051	0.03
0.1276596	0.04	0.02
0.1276596	0.03732051	0.01
0.1276596	0.03	0.00267949
0.1276596	0.02	0.
0.1276596	0.01	0.0026795
0.1276596	0.00267949	0.01
0.1276596	0.	0.02
0.1276596	0.00267949	0.03
0.1276596	0.01000001	0.03732051
0.1489362	0.02	0.04
0.1489362	0.03	0.03732051
0.1489362	0.03732051	0.03
0.1489362	0.04	0.02
0.1489362	0.03732051	0.01
0.1489362	0.03	0.00267949
0.1489362	0.02	0.
0.1489362	0.01	0.0026795
0.1489362	0.00267949	0.01
0.1489362	0.	0.02
0.1489362	0.00267949	0.03
0.1489362	0.01000001	0.03732051
0.1702127	0.02	0.04
0.1702127	0.03	0.03732051
0.1702127	0.03732051	0.03
0.1702127	0.04	0.02
0.1702127	0.03732051	0.01
0.1702127	0.03	0.00267949
0.1702127	0.02	0.
0.1702127	0.01	0.0026795
0.1702127	0.00267949	0.01
0.1702127	0.	0.02
0.1702127	0.00267949	0.03
0.1702127	0.01000001	0.03732051
0.1914893	0.02	0.04
0.1914893	0.03	0.03732051
0.1914893	0.03732051	0.03
0.1914893	0.04	0.02
0.1914893	0.03732051	0.01
0.1914893	0.03	0.00267949
0.1914893	0.02	0.
0.1914893	0.01	0.0026795
0.1914893	0.00267949	0.01
0.1914893	0.	0.02
0.1914893	0.00267949	0.03
0.1914893	0.01000001	0.03732051
0.2127659	0.02	0.04
0.2127659	0.03	0.03732051
0.2127659	0.03732051	0.03
0.2127659	0.04	0.02
0.2127659	0.03732051	0.01
0.2127659	0.03	0.00267949
0.2127659	0.02	0.
0.2127659	0.01	0.0026795
0.2127659	0.00267949	0.01
0.2127659	0.	0.02
0.2127659	0.00267949	0.03
0.2127659	0.01000001	0.03732051
0.2340425	0.02	0.04
0.2340425	0.03	0.03732051
0.2340425	0.03732051	0.03
0.2340425	0.04	0.02
0.2340425	0.03732051	0.01
0.2340425	0.03	0.00267949
0.2340425	0.02	0.
0.2340425	0.01	0.0026795
0.2340425	0.00267949	0.01
0.2340425	0.	0.02
0.2340425	0.00267949	0.03
0.2340425	0.01000001	0.03732051
0.2553191	0.02	0.04
0.2553191	0.03	0.03732051
0.2553191	0.03732051	0.03
0.2553191	0.04	0.02
0.2553191	0.03732051	0.01
0.2553191	0.03	0.00267949
0.2553191	0.02	0.
0.2553191	0.01	0.0026795
0.2553191	0.00267949	0.01
0.2553191	0.	0.02
0.2553191	0.00267949	0.03
0.2553191	0.01000001	0.03732051
0.2765957	0.02	0.04
0.2765957	0.03	0.03732051
0.2765957	0.03732051	0.03
0.2765957	0.04	0.02
0.2765957	0.03732051	0.01
0.2765957	0.03	0.00267949
0.2765957	0.02	0.
0.2765957	0.01	0.0026795
0.2765957	0.00267949	0.01
0.2765957	0.	0.02
0.2765957	0.00267949	0.03
0.2765957	0.01000001	0.03732051
0.2978723	0.02	0.04
0.2978723	0.03	0.03732051
0.2978723	0.03732051	0.03
0.2978723	0.04	0.02
0.2978723	0.03732051	0.01
0.2978723	0.03	0.00267949
0.2978723	0.02	0.
0.2978723	0.01	0.0026795
0.2978723	0.00267949	0.01
0.2978723	0.	0.02
0.2978723	0.00267949	0.03
0.2978723	0.01000001	0.03732051
0.3191489	0.02	0.04
0.3191489	0.03	0.03732051
0.3191489	0.03732051	0.03
0.3191489	0.04	0.02
0.3191489	0.03732051	0.01
0.3191489	0.03	0.00267949
0.3191489	0.02	0.
0.3191489	0.01	0.0026795
0.3191489	0.00267949	0.01
0.3191489	0.	0.02
0.3191489	0.00267949	0.03
0.3191489	0.01000001	0.03732051
0.3404255	0.02	0.04
0.3404255	0.03	0.03732051
0.3404255	0.03732051	0.03
0.3404255	0.04	0.02
0.3404255	0.03732051	0.01
0.3404255	0.03	0.00267949
0.3404255	0.02	0.
0.3404255	0.01	0.0026795
0.3404255	0.00267949	0.01
0.3404255	0.	0.02
0.3404255	0.00267949	0.03
0.3404255	0.01000001	0.03732051
0.3617021	0.02	0.04
0.3617021	0.03	0.03732051
0.3617021	0.03732051	0.03
0.3617021	0.04	0.02
0.3617021	0.03732051	0.01
0.3617021	0.03	0.00267949
0.3617021	0.02	0.
0.3617021	0.01	0.0026795
0.3617021	0.00267949	0.01
0.3617021	0.	0.02
0.3617021	0.00267949	0.03
0.3617021	0.01000001	0.03732051
0.3829787	0.02	0.04
0.3829787	0.03	0.03732051
0.3829787	0.03732051	0.03
0.3829787	0.04	0.02
0.3829787	0.03732051	0.01
0.3829787	0.03	0.00267949
0.3829787	0.02	0.
0.3829787	0.01	0.0026795
0.3829787	0.00267949	0.01
0.3829787	0.	0.02
0.3829787	0.00267949	0.03
0.3829787	0.01000001	0.03732051
0.4042553	0.02	0.04
0.4042553	0.03	0.03732051
0.4042553	0.03732051	0.03
0.4042553	0.04	0.02
0.4042553	0.03732051	0.01
0.4042553	0.03	0.00267949
0.4042553	0.02	0.
0.4042553	0.01	0.0026795
0.4042553	0.00267949	0.01
0.4042553	0.	0.02
0.4042553	0.00267949	0.03
0.4042553	0.01000001	0.03732051
0.4255319	0.02	0.04
0.4255319	0.03	0.03732051
0.4255319	0.03732051	0.03
0.4255319	0.04	0.02
0.4255319	0.03732051	0.01
0.4255319	0.03	0.00267949
0.4255319	0.02	0.
0.4255319	0.01	0.0026795
0.4255319	0.00267949	0.01
0.4255319	0.	0.02
0.4255319	0.00267949	0.03
0.4255319	0.01000001	0.03732051
0.4468085	0.02	0.04
0.4468085	0.03	0.03732051
0.4468085	0.03732051	0.03
0.4468085	0.04	0.02
0.4468085	0.03732051	0.01
0.4468085	0.03	0.00267949
0.4468085	0.02	0.
0.4468085	0.01	0.0026795
0.4468085	0.00267949	0.01
0.4468085	0.	0.02
0.4468085	0.00267949	0.03
0.4468085	0.01000001	0.03732051
0.4680851	0.02	0.04
0.4680851	0.03	0.03732051
0.4680851	0.03732051	0.03
0.4680851	0.04	0.02
0.4680851	0.03732051	0.01
0.4680851	0.03	0.00267949
0.4680851	0.02	0.
0.4680851	0.01	0.0026795
0.4680851	0.00267949	0.01
0.4680851	0.	0.02
0.4680851	0.00267949	0.03
0.4680851	0.01000001	0.03732051
0.4893617	0.02	0.04
0.4893617	0.03	0.03732051
0.4893617	0.03732051	0.03
0.4893617	0.04	0.02
0.4893617	0.03732051	0.01
0.4893617	0.03	0.00267949
0.4893617	0.02	0.
0.4893617	0.01	0.0026795
0.4893617	0.00267949	0.01
0.4893617	0.	0.02
0.4893617	0.00267949	0.03
0.4893617	0.01000001	0.03732051
0.5106383	0.02	0.04
0.5106383	0.03	0.03732051
0.5106383	0.03732051	0.03
0.5106383	0.04	0.02
0.5106383	0.03732051	0.01
0.5106383	0.03	0.00267949
0.5106383	0.02	0.
0.5106383	0.01	0.0026795
0.5106383	0.00267949	0.01
0.5106383	0.	0.02
0.5106383	0.00267949	0.03
0.5106383	0.01000001	0.03732051
0.5319149	0.02	0.04
0.5319149	0.03	0.03732051
0.5319149	0.03732051	0.03
0.5319149	0.04	0.02
0.5319149	0.03732051	0.01
0.5319149	0.03	0.00267949
0.5319149	0.02	0.
0.5319149	0.01	0.0026795
0.5319149	0.00267949	0.01
0.5319149	0.	0.02
0.5319149	0.00267949	0.03
0.5319149	0.01000001	0.03732051
0.5531915	0.02	0.04
0.5531915	0.03	0.03732051
0.5531915	0.03732051	0.03
0.5531915	0.04	0.02
0.5531915	0.03732051	0.01
0.5531915	0.03	0.00267949
0.5531915	0.02	0.
0.5531915	0.01	0.0026795
0.5531915	0.00267949	0.01
0.5531915	0.	0.02
0.5531915	0.00267949	0.03
0.5531915	0.01000001	0.03732051
0.5744681	0.02	0.04
0.5744681	0.03	0.03732051
0.5744681	0.03732051	0.03
0.5744681	0.04	0.02
0.5744681	0.03732051	0.01
0.5744681	0.03	0.00267949
0.5744681	0.02	0.
0.5744681	0.01	0.0026795
0.5744681	0.00267949	0.01
0.5744681	0.	0.02
0.5744681	0.00267949	0.03
0.5744681	0.01000001	0.03732051
0.5957447	0.02	0.04
0.5957447	0.03	0.03732051
0.5957447	0.03732051	0.03
0.5957447	0.04	0.02
0.5957447	0.03732051	0.01
0.5957447	0.03	0.00267949
0.5957447	0.02	0.
0.5957447	0.01	0.0026795
0.5957447	0.00267949	0.01
0.5957447	0.	0.02
0.5957447	0.00267949	0.03
0.5957447	0.01000001	0.03732051
0.6170213	0.02	0.04
0.6170213	0.03	0.03732051
0.6170213	0.03732051	0.03
0.6170213	0.04	0.02
0.6170213	0.03732051	0.01
0.6170213	0.03	0.00267949
0.6170213	0.02	0.
0.6170213	0.01	0.0026795
0.6170213	0.00267949	0.01
0.6170213	0.	0.02
0.6170213	0.00267949	0.03
0.6170213	0.01000001	0.03732051
0.6382979	0.02	0.04
0.6382979	0.03	0.03732051
0.6382979	0.03732051	0.03
0.6382979	0.04	0.02
0.6382979	0.03732051	0.01
0.6382979	0.03	0.00267949
0.6382979	0.02	0.
0.6382979	0.01	0.0026795
0.6382979	0.00267949	0.01
0.6382979	0.	0.02
0.6382979	0.00267949	0.03
0.6382979	0.01000001	0.03732051
0.6595745	0.02	0.04
0.6595745	0.03	0.03732051
0.6595745	0.03732051	0.03
0.6595745	0.04	0.02
0.6595745	0.03732051	0.01
0.6595745	0.03	0.00267949
0.6595745	0.02	0.
0.6595745	0.01	0.0026795
0.6595745	0.00267949	0.01
0.6595745	0.	0.02
0.6595745	0.00267949	0.03
0.6595745	0.01000001	0.03732051
0.6808511	0.02	0.04
0.6808511	0.03	0.03732051
0.6808511	0.03732051	0.03
0.6808511	0.04	0.02
0.6808511	0.03732051	0.01
0.6808511	0.03	0.00267949
0.6808511	0.02	0.
0.6808511	0.01	0.0026795
0.6808511	0.00267949	0.01
0.6808511	0.	0.02
0.6808511	0.00267949	0.03
0.6808511	0.01000001	0.03732051
0.7021277	0.02	0.04
0.7021277	0.03	0.03732051
0.7021277	0.03732051	0.03
0.7021277	0.04	0.02
0.7021277	0.03732051	0.01
0.7021277	0.03	0.00267949
0.7021277	0.02	0.
0.7021277	0.01	0.0026795
0.7021277	0.00267949	0.01
0.7021277	0.	0.02
0.7021277	0.00267949	0.03
0.7021277	0.01000001	0.03732051
0.7234043	0.02	0.04
0.7234043	0.03	0.03732051
0.7234043	0.03732051	0.03
0.7234043	0.04	0.02
0.7234043	0.03732051	0.01
0.7234043	0.03	0.00267949
0.7234043	0.02	0.
0.7234043	0.01	0.0026795
0.7234043	0.00267949	0.01
0.7234043	0.	0.02
0.7234043	0.00267949	0.03
0.7234043	0.01000001	0.03732051
0.7446809	0.02	0.04
0.7446809	0.03	0.03732051
0.7446809	0.03732051	0.03
0.7446809	0.04	0.02
0.7446809	0.03732051	0.01
0.7446809	0.03	0.00267949
0.7446809	0.02	0.
0.7446809	0.01	0.0026795
0.7446809	0.00267949	0.01
0.7446809	0.	0.02
0.7446809	0.00267949	0.03
0.7446809	0.01000001	0.03732051
0.7659575	0.02	0.04
0.7659575	0.03	0.03732051
0.7659575	0.03732051	0.03
0.7659575	0.04	0.02
0.7659575	0.03732051	0.01
0.7659575	0.03	0.00267949
0.7659575	0.02	0.
0.7659575	0.01	0.0026795
0.7659575	0.00267949	0.01
0.7659575	0.	0.02
0.7659575	0.00267949	0.03
0.7659575	0.01000001	0.03732051
0.7872341	0.02	0.04
0.7872341	0.03	0.03732051
0.7872341	0.03732051	0.03
0.7872341	0.04	0.02
0.7872341	0.03732051	0.01
0.7872341	0.03	0.00267949
0.7872341	0.02	0.
0.7872341	0.01	0.0026795
0.7872341	0.00267949	0.01
0.7872341	0.	0.02
0.7872341	0.00267949	0.03
0.7872341	0.01000001	0.03732051
0.8085107	0.02	0.04
0.8085107	0.03	0.03732051
0.8085107	0.03732051	0.03
0.8085107	0.04	0.02
0.8085107	0.03732051	0.01
0.8085107	0.03	0.00267949
0.8085107	0.02	0.
0.8085107	0.01	0.0026795
0.8085107	0.00267949	0.01
0.8085107	0.	0.02
0.8085107	0.00267949	0.03
0.8085107	0.01000001	0.03732051
0.8297873	0.02	0.04
0.8297873	0.03	0.03732051
0.8297873	0.03732051	0.03
0.8297873	0.04	0.02
0.8297873	0.03732051	0.01
0.8297873	0.03	0.00267949
0.8297873	0.02	0.
0.8297873	0.01	0.0026795
0.8297873	0.00267949	0.01
0.8297873	0.	0.02
0.8297873	0.00267949	0.03
0.8297873	0.01000001	0.03732051
0.8510639	0.02	0.04
0.8510639	0.03	0.03732051
0.8510639	0.03732051	0.03
0.8510639	0.04	0.02
0.8510639	0.03732051	0.01
0.8510639	0.03	0.00267949
0.8510639	0.02	0.
0.8510639	0.01	0.0026795
0.8510639	0.00267949	0.01
0.8510639	0.	0.02
0.8510639	0.00267949	0.03
0.8510639	0.01000001	0.03732051
0.8723405	0.02	0.04
0.8723405	0.03	0.03732051
0.8723405	0.03732051	0.03
0.8723405	0.04	0.02
0.8723405	0.03732051	0.01
0.8723405	0.03	0.00267949
0.8723405	0.02	0.
0.8723405	0.01	0.0026795
0.8723405	0.00267949	0.01
0.8723405	0.	0.02
0.8723405	0.00267949	0.03
0.8723405	0.01000001	0.03732051
0.893617	0.02	0.04
0.893617	0.03	0.03732051
0.893617	0.03732051	0.03
0.893617	0.04	0.02
0.893617	0.03732051	0.01
0.893617	0.03	0.00267949
0.893617	0.02	0.
0.893617	0.01	0.0026795
0.893617	0.00267949	0.01
0.893617	0.	0.02
0.893617	0.00267949	0.03
0.893617	0.01000001	0.03732051
0.9148936	0.02	0.04
0.9148936	0.03	0.03732051
0.9148936	0.03732051	0.03
0.9148936	0.04	0.02
0.9148936	0.03732051	0.01
0.9148936	0.03	0.00267949
0.9148936	0.02	0.
0.9148936	0.01	0.0026795
0.9148936	0.00267949	0.01
0.9148936	0.	0.02
0.9148936	0.00267949	0.03
0.9148936	0.01000001	0.03732051
0.9361702	0.02	0.04
0.9361702	0.03	0.03732051
0.9361702	0.03732051	0.03
0.9361702	0.04	0.02
0.9361702	0.03732051	0.01
0.9361702	0.03	0.00267949
0.9361702	0.02	0.
0.9361702	0.01	0.0026795
0.9361702	0.00267949	0.01
0.9361702	0.	0.02
0.9361702	0.00267949	0.03
0.9361702	0.01000001	0.03732051
0.9574468	0.02	0.04
0.9574468	0.03	0.03732051
0.9574468	0.03732051	0.03
0.9574468	0.04	0.02
0.9574468	0.03732051	0.01
0.9574468	0.03	0.00267949
0.9574468	0.02	0.
0.9574468	0.01	0.0026795
0.9574468	0.00267949	0.01
0.9574468	0.	0.02
0.9574468	0.00267949	0.03
0.9574468	0.01000001	0.03732051
0.9787234	0.02	0.04
0.9787234	0.03	0.03732051
0.9787234	0.03732051	0.03
0.9787234	0.04	0.02
0.9787234	0.03732051	0.01
0.9787234	0.03	0.00267949
0.9787234	0.02	0.
0.9787234	0.01	0.0026795
0.9787234	0.00267949	0.01
0.9787234	0.	0.02
0.9787234	0.00267949	0.03
0.9787234	0.01000001	0.03732051
1.	0.03	0.03732051
1.	0.04	0.02
1.	0.03732051	0.01
1.	0.02	0.
1.	0.01	0.0026795
1.	0.00267949	0.01
1.	0.	0.02
1.	0.01000001	0.03732051
0.9255319	0.02	0.02
0.3723404	0.02	0.02
0.5425532	0.02	0.02000001
0.4787234	0.02	0.02
0.3085106	0.02	0.02
0.5212766	0.01959486	0.021512
0.0319149	0.02	0.02
0.287234	0.018488	0.02040514
0.4361702	0.02	0.02
0.3510638	0.021512	0.01959486
0.4574468	0.01959486	0.018488
0.8404256	0.02	0.02
0.9680851	0.02	0.02
0.05319151	0.01959486	0.021512
0.3297872	0.02114217	0.01885784
0.5	0.019577	0.02157866
0.2659574	0.01889314	0.01889314
0.7978724	0.02	0.02
0.8617022	0.02040514	0.018488
0.016236	0.01671346	0.02328655
0.1382979	0.02	0.02
0.180851	0.02	0.02
0.6489362	0.02	0.02
0.5851064	0.02	0.02
0.2030752	0.02	0.02
0.2446808	0.02135562	0.02036324
0.9468085	0.01959486	0.021512
0.1595744	0.018488	0.02040514
0.7553192	0.02	0.02000001
0.4139461	0.02	0.02
0.7765958	0.021512	0.02040514
0.09574471	0.02	0.02
0.5638298	0.01889314	0.02110687
0.6276596	0.01959486	0.021512
0.819149	0.02040514	0.021512
0.6064118	0.02146605	0.02039283
0.712766	0.02	0.02
0.1170213	0.02040514	0.021512
0.07441221	0.01895842	0.01895842
0.2239516	0.01879206	0.01879206
0.6702128	0.01959486	0.021512
0.6915188	0.01959067	0.02152763
0.393617	0.01817167	0.01817167
0.8829787	0.01854926	0.01961128
0.9042288	0.01960619	0.02146971
0.7340426	0.01848801	0.02040514
0.9842123	0.02425102	0.02113906
630	3
0.	0.000354255020851728	0.016252375333523
0.	0.00693158923506409	0.0351399067046334
0.	0.0265773352319252	0.0388875331837292
0.	0.0351399065172521	0.0330684157472236
0.	0.0388875233608558	0.0134226668942619
0.	0.0134226707326499	0.00111247119103373
0.	0.00486009654584161	0.00693159316421355
1.	0.0396457489791487	0.016252375333523
1.	0.0265773342496379	0.00111247100365251
1.	0.00111247081627119	0.0134226687680752
1.	0.033068413782649	0.0351399068920148
0.	0.0219832699881191	0.0256951720033837
1.	0.015194034130747	0.0136340971859721
0.	0.0180167324220693	0.0143048296572794
1.	0.0168899541436439	0.0273450464496906
1.	0.0279160228806421	0.0190208627044047
0.	0.011222096382638	0.0230567900919028
0.	0.0287779042503571	0.0169432102117102
0.	0.00111247081627116	0.0265773352319251
0.	0.0162523761922658	0.0396457491429626
0.	0.0396457493067764	0.0237476269489921
0.	0.033068413782649	0.00486009710798556
0.	0.0237476284322042	0.00035425497616183
0.0407225592497093	-0.00303657206672764	0.000244342530911497
0.0414256171352572	-0.00215669686276437	0.00921026890148434
0.0394714174848543	0.00140729025492171	0.0183508375615678
0.0346409165988354	0.00721320171851037	0.0250635660966536
0.0312902610781008	0.015334032168022	0.0263237297670132
0.0259223611161208	0.022459886083453	0.0217196426977202
0.022860574598723	0.0263295637671727	0.012892077198252
0.0228504775199985	0.0268842807771506	0.00269741157515226
0.0245057105220984	0.0220272011363344	-0.00591322925015336
0.0285326014727729	0.0143638724680476	-0.0127750989456947
0.0341294519402415	0.0069955808499618	-0.0111304936401267
0.0404422715613113	0.000363582528423772	-0.00695539158141052
0.0670904957336241	0.0279951962612997	0.0082247277099577
0.0716410710358352	0.0234972872088694	0.0134878605118544
0.0738438863094107	0.018522795646449	0.0196604090787682
0.0678493710205037	0.0177186228706941	0.0299559636816174
0.0594587285155085	0.0180529798787708	0.039113061427461
0.0503058965536289	0.0258097518447963	0.0389850450736927
0.0412350651007053	0.0336848572716056	0.0346096385344496
0.0376511685943565	0.0377785876485896	0.0250637778616606
0.0362434721583362	0.0406364797249239	0.0148394425829292
0.0423017245333379	0.038598038619803	0.0103151850128032
0.0507295331906784	0.0356697026920847	0.00804868674127241
0.0590155442909817	0.0315201260153319	0.00808239014238682
0.0736626038562735	0.0498507449783701	0.050425619323005
0.0791850134090639	0.045950748192518	0.0422091607688693
0.0833793973106288	0.0356684683769585	0.0401694196445195
0.0875466945704042	0.026969972793623	0.0441496852845937
0.0824443135616537	0.0249287427640415	0.0549474703494857
0.0778557193553391	0.025333176652578	0.0668065815113206
0.0728738766818411	0.0313340493106628	0.0715442296854785
0.0680614612051052	0.037914283124025	0.0749284756933433
0.0647114898758675	0.0432882678783144	0.0719898988823717
0.0624527370871186	0.0485465814857116	0.0703285381180424
0.0645473775147156	0.050986109191618	0.0652418487364284
0.0673033145706282	0.0520480745790131	0.0585955963493703
0.0953449984435391	0.0607625270357609	0.0841009848607482
0.0945041315368583	0.0598245755902413	0.0678414248303702
0.0945132137500088	0.0527223335248672	0.0529032992080936
0.0996854392562641	0.0423044121999064	0.0512430411707165
0.106560114225891	0.0342733101381631	0.0547243716857756
0.110074251491541	0.0337557913528226	0.0645561865807349
0.113469124657851	0.034144437513497	0.075253173956549
0.111998316217074	0.0377717584599033	0.0843791262355104
0.111377931676496	0.041111059917595	0.0936201918198932
0.107064166287695	0.0469173070553288	0.0954139225146784
0.103557369392783	0.0524725151499228	0.0973104073187698
0.0998989072249409	0.0578871580554131	0.092604412569434
0.122672844968331	0.0820347215700271	0.0842016224859663
0.110637753464289	0.0829432442550267	0.0858027508773086
0.106299486728629	0.081406703344137	0.0722679250499505
0.103543478921165	0.0806370246141585	0.0589950113746449
0.107552370919787	0.0773392394639491	0.0533504316197556
0.113079391535947	0.0760037517822881	0.0497246853559451
0.119722835759372	0.0736071215479013	0.0531942281256936
0.126612011495462	0.0713130593916253	0.0568668493707889
0.131299734823689	0.0728122497778671	0.063376598994559
0.135494985434629	0.074362108707141	0.0694440877293359
0.135640238757877	0.0778479778775238	0.0754870688515856
0.131628553034128	0.0786078508896452	0.0811677389438151
0.154637909676381	0.110983921246228	0.0761451029200112
0.14026763590107	0.106339789637767	0.0834576260887821
0.125051221835345	0.107650714678723	0.0877852119614553
0.118848969468497	0.113643613546338	0.0831255156547544
0.116924690757859	0.121262945843054	0.0784045496710659
0.119456266774148	0.125481590883321	0.073939430329218
0.123097894358864	0.129605582078287	0.0699617086336409
0.129781183253668	0.130636659263653	0.0668401557198988
0.136207332079182	0.131352746291483	0.0630578271273529
0.144595533321695	0.129587431650505	0.0626812517780787
0.152401567813694	0.127770585391468	0.0625352834085582
0.155906684994652	0.120606657103746	0.0690104268491822
0.185111260217558	0.130443812529025	0.0812305848740382
0.180983696138592	0.120600243017849	0.0845485339398893
0.174806976561159	0.118011344738922	0.0914447413593432
0.170388863043429	0.118206087873822	0.100003149760495
0.169913227067352	0.120378864571002	0.107463568868774
0.173536357916067	0.124409334518288	0.113809766280745
0.175441788643023	0.131164174937569	0.112974599090275
0.176469280042297	0.138079794014109	0.114031876541329
0.175908716728299	0.143016574886476	0.105215248399379
0.176414425612681	0.147937660534495	0.0970772650460863
0.178853235660693	0.144729013017503	0.0877185922857408
0.180484978599546	0.140269979492485	0.0788144914196209
0.227667945169077	0.125346560671876	0.0757880279437198
0.227711945462323	0.119409618296971	0.0707355356644491
0.224243002383693	0.115430191719297	0.0712049987328141
0.216229400658481	0.112854511851256	0.0776732116658175
0.20667095777422	0.114472710689336	0.0892725078693065
0.200685299905917	0.117008180831934	0.103646423007165
0.199767191543832	0.119826815999666	0.115994961418834
0.201939845787665	0.123704005803268	0.123460308912005
0.206364606899191	0.126903309730952	0.12851962936234
0.214488208199455	0.126593675538879	0.117053900861766
0.222777746142857	0.127442360522829	0.104638617999076
0.224310530601867	0.12640527425036	0.0893921328566981
0.252216969739748	0.0606005259052137	0.065201360814148
0.250753968130365	0.0641648374447631	0.0592763533525705
0.245033356904979	0.0697500362647484	0.0544756207337558
0.235970811461349	0.0836994072381928	0.0545978451346302
0.225287863243651	0.0876131243662675	0.0618328187013834
0.213923707722802	0.0938113167726067	0.0714401759327302
0.213777955159109	0.0940392734120842	0.0809281097765181
0.21479320994902	0.0923088180245721	0.0889035882932056
0.219843607427378	0.0893824300119337	0.0926390307135277
0.228347420218862	0.0804633584950305	0.090100416513732
0.238966749820016	0.0724992918102906	0.0823045398612145
0.24943241740527	0.0648162396287849	0.0748400083758727
0.260248780680211	0.000448777688298569	0.0365754130110406
0.267496932377183	-0.00317795663814018	0.0321453085525676
0.270484549792331	0.000588752739344701	0.030417403684053
0.265598026524041	0.0141370157349324	0.0292476202706531
0.257900182815362	0.0310176363580846	0.0299302156750559
0.243634987326279	0.044814012753789	0.0344428523204418
0.231684916124362	0.0520167081111995	0.0358937560851344
0.222852733111146	0.0553767279262302	0.040029061473947
0.219774057079781	0.0521042747244909	0.0406083044960174
0.224422808172253	0.0422745371653612	0.0381357989545209
0.233015551935116	0.0282932303150056	0.0340395348815772
0.24809908552129	0.01583402456494	0.0381442696803592
0.269730067262607	-0.0127000789086789	0.00480660161722764
0.282101066749502	-0.025478621444887	0.00331586191999852
0.290250403268619	-0.0256129944669483	0.00968770448427583
0.294650883944657	-0.021461230440871	0.0163795931525379
0.287975704213782	-0.00171512430485692	0.0188695082453197
0.27871020043135	0.020198932825299	0.0177278983957183
0.272239603073809	0.0332126913149666	0.0131472043810405
0.267489472265794	0.0414489877471167	0.00692955819145345
0.265595782460167	0.0418363643371986	0.0022917790093085
0.264802261363394	0.0363392090981807	-0.000825066342506313
0.259860131404606	0.0222903559468052	0.00386569565255936
0.256817127293375	0.00514417498249457	0.00785543277536144
0.285613731326194	-0.000792345735706461	0.000136776818058007
0.296155458322859	-0.00354841427451371	0.00633681821182352
0.30307442655103	0.00289151592607473	0.014335143015682
0.301525417394294	0.0147450234228492	0.0205263836734336
0.299848935905466	0.0284443894935662	0.0259069584196965
0.304496633431286	0.0409590730615406	0.0210113598622112
0.304737699428819	0.0476408353243355	0.0135382389190404
0.302684776458265	0.0477356508244563	0.00734441667907651
0.302980179799431	0.043607926591368	0.000902970637823119
0.296452084419275	0.0361884431061468	-0.00329613107687915
0.290150635045747	0.0253726897317562	-0.00497940735126767
0.286822605341697	0.0110138244875038	-0.00264027144783105
0.328099135567514	0.00346919129574954	-0.00387366316299607
0.324760989028251	0.00324609352905837	0.00142233745318877
0.324178766672735	0.0102067455141188	0.0107579163804928
0.32269010378276	0.0219747694006037	0.0195987705460961
0.32434522598772	0.0327892093175144	0.0264305238418155
0.324171878934783	0.0413435136540009	0.0259663153582955
0.328177990058749	0.0433297737070459	0.0212711502307703
0.334057543104022	0.0396492904141549	0.0129662630155923
0.334973907055625	0.0307396798713282	0.00363003584195239
0.335137719969437	0.0210659397871036	-0.00658221754620507
0.333427832370717	0.0143369710743795	-0.00689399855507449
0.327989259224689	0.00805540617955126	-0.00669053180675402
0.386493697291864	0.0186861589976387	0.0219465824592025
0.377268218050759	0.0141970994562151	0.0261072256600969
0.37055299412883	0.011086612273711	0.0339202977336639
0.366917735575997	0.0151025430576806	0.0434960559935564
0.364270457055196	0.0211705753909827	0.0498072673494141
0.36244044548954	0.0284073750374033	0.0548639994746699
0.361901350422345	0.0343731686627933	0.0551623032920197
0.366199858416512	0.0363391330158663	0.0477175034819964
0.374990503009368	0.0355928055577544	0.0384940789658599
0.382397028664356	0.0328635397842043	0.0262331313569498
0.390805990135742	0.0302032550396754	0.0182188467303809
0.389165184335977	0.0244508955088177	0.0181912572139101
0.416215230749615	0.0282080934313509	0.0557757800971056
0.411882604331653	0.0225578713479854	0.0625889880524896
0.406837262032439	0.0155116242159993	0.0689263720693074
0.400863433558825	0.011700952331204	0.0747161909220084
0.392653249177027	0.0155284756175712	0.0810804409098887
0.385854115074165	0.0197444272641772	0.085932216494476
0.380061781678694	0.0270868730071945	0.0855312902232536
0.378435016538869	0.0341610801833528	0.0860235121747644
0.387640689037263	0.0348113981168679	0.0740216993710525
0.398932916477076	0.0348510481949085	0.0610616244400623
0.411578028661708	0.0360393106994078	0.054408757552116
0.418368921735394	0.033553151526172	0.0526084409698124
0.415863649364555	0.0332937707702609	0.106127912920942
0.407625659514634	0.0253727447753599	0.111198617028086
0.400000898285145	0.0176921090231161	0.115627324633379
0.393104234100297	0.00981950289859653	0.113011865936948
0.386565115974907	0.00634724111563268	0.110619499343742
0.379342393299566	0.0121975069888842	0.107486984070193
0.37356338648454	0.0195961326104798	0.10621631471791
0.380924763242136	0.0323790088310694	0.102921861145509
0.392551052440691	0.0421763032987612	0.0973777316273877
0.402502750858592	0.0435221182252782	0.0959047347188249
0.411221973009989	0.0409642496226156	0.0946279427405419
0.416377236341503	0.0384488508490034	0.0996405948959862
0.373922100207038	0.0298282807916814	0.145087825387352
0.365180909730896	0.0216950894241775	0.148212385808981
0.358567814267674	0.0174788824722871	0.143652324651958
0.354276447356631	0.0139203035769522	0.139290788665055
0.355673904040262	0.0144415825487023	0.131241538694119
0.359166428936035	0.0165850389572747	0.123655838384212
0.36822045511469	0.0312072161127737	0.115555167284391
0.377006348098763	0.0470712151406009	0.112800163234749
0.385358922627301	0.0530015142255221	0.116612148590763
0.390749268737376	0.0541099280623082	0.124277356196384
0.388379592753332	0.0484683277385057	0.131903250949889
0.381588582486799	0.0385012538526835	0.140579897260314
0.331222061933467	0.0536456145407543	0.106877987213452
0.328523337130503	0.0429516241332062	0.110548219030283
0.324159972060046	0.0329487665131079	0.115043627385477
0.3264996454994	0.0247299729617282	0.11803874953938
0.332056927462476	0.0216300791953417	0.118473929688286
0.344243634258334	0.024971305104935	0.114779369053948
0.357068713762943	0.0337687700983978	0.109436807779505
0.362982984418949	0.0490458597092035	0.10392284939621
0.362280955970831	0.0637801618299342	0.0976434962285345
0.355574736580723	0.0673694889225655	0.0971557026443148
0.345556516397765	0.0667893090634367	0.0981605940775132
0.338878339293686	0.0602993398846413	0.102890444788843
0.359239397770913	0.0328456161428731	0.0728403779477593
0.356420895278113	0.0206584426804445	0.0764093842206222
0.354660637800986	0.012549909233263	0.0855286397437922
0.353884672360118	0.0059126121262355	0.0945057239781808
0.352671839321716	0.00625523645148041	0.10629903782156
0.355578639243507	0.00857209506653066	0.112531938010925
0.362786092267378	0.0138868752011875	0.108646555015365
0.367254536698668	0.0235040027502335	0.102739097738731
0.366162073408459	0.034944249528688	0.0946218994024451
0.364409821586034	0.0440696610694083	0.084862250939424
0.363942183458179	0.0488564700118179	0.0758506126207062
0.36341127246322	0.043465797593914	0.0688803829548225
0.371904932371925	0.0201364933575348	0.0636673218094825
0.370548759291207	0.0121033414656679	0.0607456728304786
0.36866346905374	0.00353440733054926	0.0644952056289327
0.370932930526459	-0.00189596136154601	0.0738693663418492
0.373103842989112	-0.0068097751327817	0.0839571776413107
0.377767491594616	-0.007207713047921	0.0915401528752342
0.384230247685359	-0.00772897063846931	0.0972167840218801
0.388178612196307	-0.00261967159433826	0.0995785020603622
0.388891585491497	0.00493808131788309	0.101684441842014
0.386667512535795	0.0131116106889205	0.0942664794574981
0.384214380857434	0.019991639380159	0.086518027979975
0.378394138013034	0.020536188048214	0.074852213423059
0.394991587995321	0.00708434622903402	0.0548801145057729
0.394178167029741	0.00210288531884396	0.0475204470479344
0.399272326188103	-0.00429876075157889	0.0446138814304299
0.406445799263926	-0.0115276965753381	0.0430197073663399
0.414479634111836	-0.0142363582628482	0.0476103537874271
0.421896662247937	-0.0180649434060229	0.0516226334219374
0.425382859642836	-0.0151235086312297	0.0563641200853902
0.424692241004801	-0.0107479688680222	0.0631748308817226
0.418596474346028	-0.00315214805241087	0.0697505324681733
0.410107822728518	0.00325247368379928	0.075247723298451
0.404350957147619	0.00880587838952565	0.070945186863624
0.397095971323866	0.00933594734231659	0.0635882179899203
0.419628927570705	0.0300731250792469	0.0572658848685429
0.417933000100851	0.0296789907177247	0.0494381068237429
0.421710925497154	0.0311912399915468	0.0418967102066733
0.427075729688554	0.0262780993570182	0.0369045836562347
0.435781298187036	0.0254752630238194	0.0318826066459807
0.444832049973491	0.0241450402934424	0.0294421012194656
0.453287210400037	0.0229189719006414	0.0289196643319454
0.453749775131289	0.0189731394804212	0.0376429025612741
0.450835853279343	0.0154079870538653	0.0483800056448563
0.441455615441352	0.0182764223299869	0.0573878200193621
0.431884088903297	0.0225721409165072	0.06330440834437
0.423936595657629	0.0260129073358859	0.0614158407767157
0.458073859563149	0.0367263162049528	0.0643326364596255
0.448303850075768	0.0427685229251628	0.0611300737542402
0.444738050893158	0.0455246496164944	0.0511880550169226
0.446133941278812	0.0481649727686114	0.0408832703567366
0.45216750911832	0.0479044967847377	0.0324828413045492
0.461302645653225	0.046880647705314	0.0260303940975567
0.471400366660064	0.0415065763030217	0.0251608877844408
0.480875551622802	0.0354984409725003	0.027030252997745
0.484571000027433	0.0284766782580401	0.0360510929537348
0.483945187260888	0.0239252995264865	0.0466476808670013
0.478425063188695	0.0260655196722147	0.0564738590383001
0.470636382934006	0.0310901329923373	0.063704073368629
0.507483150274586	0.0317344384117268	0.0672640191021668
0.496679852813926	0.0373824319313319	0.0682092926286318
0.486770181282332	0.0432814981869713	0.0672578849955974
0.48435473855576	0.0476488600386007	0.06106805359927
0.485060211375561	0.0512772052575304	0.0535035745034049
0.492597245676566	0.0507459042835708	0.0464250567605416
0.501473870328609	0.0486404044661364	0.0395995807205991
0.509882783676686	0.0423639482444325	0.0382260239322536
0.514857141562149	0.0353694451173269	0.0369210246286926
0.519323137038226	0.0310256606707166	0.044836995449241
0.518187987446569	0.0264033556373636	0.0526663581981739
0.51476604748766	0.0284346550251704	0.0608532020514312
0.566303567404156	0.0329767116532088	0.0683090415708944
0.55901103786321	0.0313051134083127	0.0771219702392864
0.552978583881817	0.034722639909726	0.0814270769862629
0.550326337735427	0.0389713487025709	0.0841163918897667
0.549667496230171	0.044334030366159	0.0822280932217305
0.550048350615579	0.0497589956068651	0.0798615609990722
0.553811317196772	0.0534867925253648	0.0729153273765602
0.556273898836416	0.0566491467934367	0.0654688766683812
0.562382490983072	0.0547278292328653	0.0588976114086436
0.566495724873442	0.0516028771840984	0.0542229726884482
0.57186924102528	0.0441871747334139	0.0554294178159895
0.571653643571729	0.0367439928887648	0.0588354870269393
0.623443588783403	0.0300529647538404	0.0567820720799646
0.61974386060594	0.0239048751332096	0.0652950587161533
0.618914703084823	0.0231553635611918	0.0729895950759969
0.619592468185674	0.024592331293265	0.0787246602101011
0.623151038403625	0.0275862135168923	0.0815060821848222
0.626952773363443	0.0325494363968599	0.0793881574516275
0.631364529338533	0.0378195937235238	0.076023194770349
0.632764662055301	0.0421963202681317	0.0672979216677571
0.633069444003513	0.0483558970022451	0.0590939742837508
0.631601097816687	0.046770074659791	0.0537511800324067
0.628982104501352	0.0436581304132662	0.0510071576935406
0.626925510343774	0.0365982142206062	0.0527148249037197
0.660655317668447	0.00490051794243746	0.0551107020122141
0.658992370613596	0.00102964082999682	0.064136669123308
0.661436139857048	-0.00188425833626045	0.0711845620191107
0.66766834197772	-0.00172981019635552	0.0747896532864593
0.675411011909878	-0.00168197791220358	0.0755092829225137
0.683818302847682	-0.000360400280398506	0.073886864022791
0.690103547129206	0.0019261680641512	0.0670729792148635
0.693655611233482	0.00587256315413528	0.0596299238083632
0.691039943481851	0.00839398167615076	0.0526531666411412
0.686981232469162	0.0105613217129333	0.0471698392496402
0.677532910965501	0.0104221374834494	0.0459621104430867
0.669396361978179	0.0075877293489058	0.0476362283088198
0.675608548635005	-0.0198602316899776	0.0536029115800252
0.673061250094409	-0.0259062809897469	0.0646516539376953
0.675246694396156	-0.03277295550239	0.0726430510142789
0.681334276609269	-0.035880144674237	0.0740201497783427
0.689710552818763	-0.0380054513496584	0.0721169831058844
0.697218723727972	-0.0390641638432096	0.0616731718313515
0.70475635722202	-0.0389387775419643	0.0501792237093378
0.709563357150494	-0.0317197230870988	0.0408336754003515
0.713720566140268	-0.0236335833365935	0.0333782405086836
0.708362441618714	-0.0168377223545608	0.0297685654941714
0.699121870353286	-0.0125257137209998	0.0329795256269509
0.685814779836114	-0.0131668292860127	0.0419673602522911
0.680990475847575	-0.024554150177138	0.0332863148939651
0.673884077415955	-0.0339889597527421	0.0425549213190529
0.671318872869231	-0.0414407631246064	0.0466060018450951
0.671572074046301	-0.048080307801065	0.0462671436579957
0.675786077573765	-0.0498055984136285	0.0388133360046733
0.681080204389245	-0.0504808114322109	0.0295644670868115
0.68542181403605	-0.0453388299818253	0.0176458183892563
0.691311685601578	-0.0390584040743831	0.00992189799430612
0.697846060648809	-0.0297027636448579	0.00611273489877235
0.703956930347336	-0.0218622011113722	0.00770584250756017
0.697901226063747	-0.0174198519506451	0.0123212414858294
0.690195972075722	-0.0174848052413642	0.0231683012530317
0.678322986633095	-0.0058794611386321	0.00702475190415629
0.670794385738641	-0.00998597233672659	0.0089571096036239
0.664002831440239	-0.0121685162541835	0.00573255174540103
0.660688946626513	-0.0142117000697698	0.000509704140942716
0.659095872670862	-0.0149745603432496	-0.00769562142957358
0.662107929147939	-0.0164115402812181	-0.0160489552310337
0.665671099537364	-0.0184536851200668	-0.0236857336838416
0.674275465547157	-0.0170624293281852	-0.0257934106669652
0.682086536652968	-0.0160246148013857	-0.0251932724775075
0.688460000527943	-0.0117044012893968	-0.0197616347718656
0.691769850527899	-0.00952862248804882	-0.0112016788278471
0.686255740457223	-0.00808558899249454	-0.000279399307630021
0.688577562555792	0.00995494239250683	-0.00899196848937856
0.68464273194612	0.0186173050709754	-0.00816438347474937
0.682878457439284	0.0249386338870432	-0.0128397553411904
0.682098655793093	0.0313698286337446	-0.0205054985318462
0.682997444262329	0.0304620556162677	-0.030378887546327
0.684089202020103	0.0304381950686081	-0.0410092402303677
0.689264117082302	0.0236047509448753	-0.0453537313321477
0.693521732409638	0.0168622576045863	-0.0496472755388441
0.69859241737059	0.00896069519238285	-0.0456578218553566
0.701258817264454	0.00261430905052012	-0.0395363148727851
0.701732131926484	0.00148295571770283	-0.0266639593792832
0.694720896909134	0.00432438688357007	-0.015295103754853
0.71490744650512	-0.00547407584247405	-0.00929280598218603
0.714014191018004	0.000505336914849838	-0.00535834679220703
0.716322150623517	0.00764065236784468	-0.00440556636746938
0.719719043289503	0.0139873537462412	-0.00748526835532182
0.724475493247278	0.0198651596765996	-0.0118894560547711
0.729102974514712	0.0184241159310674	-0.0182544501112083
0.734351925992325	0.0145407548330122	-0.0239235130168654
0.737619614457111	0.00737114793124733	-0.0255982079095252
0.737178374097534	0.00078987952877569	-0.0269620211274123
0.732454867882029	-0.00590677329822088	-0.024767946404382
0.724413713736583	-0.0101080455553451	-0.0239968543106305
0.720789691220516	-0.0106011770092391	-0.0154543291234305
0.750536586556053	-0.044389453609813	0.0093916984812435
0.743766610121144	-0.0422160426168253	0.0139569520052926
0.743826207438379	-0.0370881433130995	0.0173705199457232
0.746889606266128	-0.0320959309169846	0.0195721305693017
0.752491626801269	-0.0259634024924619	0.0175054062225442
0.760587833920658	-0.0229951176335331	0.0151691491056437
0.770632794628336	-0.0239757848622635	0.0111499871376988
0.778619104853964	-0.0299490323108605	0.00895797091440364
0.781918618311587	-0.0354351596987882	0.00612592788086909
0.777928231875395	-0.040415979774857	0.00558663475424263
0.769438296244442	-0.0432530675194874	0.00545188133924487
0.758996760435892	-0.0444764697446047	0.0043335058114344
0.805197963622921	-0.0732273166102688	0.0418261300686688
0.794556822710582	-0.066773294288738	0.0438789220006904
0.787979604357669	-0.0601224207056264	0.0461343978927315
0.787573534129124	-0.0525311725469043	0.0445146320063926
0.792748867774756	-0.0471991460360543	0.0415597418825632
0.798863477569932	-0.0448476664690411	0.0348384367670058
0.809048123075758	-0.0478922968379597	0.0290335028980312
0.819973032619634	-0.0545861534857644	0.0238549818372591
0.826837898799297	-0.0634864069363079	0.0232350221834901
0.827368866605363	-0.0703310787718354	0.025896688777559
0.823187792575581	-0.0756611928554243	0.030559773612047
0.814565080508167	-0.0749715758755058	0.03602917833555
0.856504398989098	-0.0658777879961675	0.0465044832978036
0.849860855153618	-0.0593515801094324	0.0526573799511072
0.84462192217759	-0.0529125874303994	0.051104929238007
0.842659549192977	-0.046615358020107	0.0477819572594552
0.84168788530757	-0.0434096682481386	0.0417475504484561
0.844474953069203	-0.0451869078583753	0.0333594980053394
0.849085953920674	-0.0479044905730769	0.0245123374591402
0.855900486783419	-0.0553223474573533	0.01987727892084
0.861484965191017	-0.0633127376232453	0.0198577640246041
0.86409003782432	-0.0712957141495358	0.0241120116191138
0.865474646372381	-0.0727817062196247	0.0314361082673782
0.865182989636905	-0.0722140163024143	0.0406770684705862
0.895606682537028	-0.0442937792200274	0.023679675980347
0.891799742376497	-0.0391476124284765	0.0312316073816897
0.888644056339233	-0.0332218270317131	0.0348684322923801
0.887950358425988	-0.0267735359211776	0.0325034157932975
0.888103139303088	-0.021895310431746	0.0268945108127205
0.886353143166343	-0.0203020655932455	0.0199779854781655
0.885863678598054	-0.0213055421894538	0.0120623503385339
0.886624497522998	-0.025817682337252	0.0031991799291812
0.886668669274311	-0.0326736149991131	-0.00259329408933455
0.890081972341724	-0.0389046765615195	-0.00329448230740884
0.892365721859307	-0.0445496652423423	0.0016206880290385
0.89405458745348	-0.0455006804234541	0.0123271168537015
0.923578631528831	-0.0199793290240812	-0.00935561063987191
0.926232491501947	-0.0161681531564139	0.00164372697703221
0.923248961986964	-0.0110784673779254	0.00691805263230636
0.921730734055585	-0.00465438996197274	0.00478896406376349
0.91856874702221	-0.00145504089383994	-0.0010621893985053
0.91596032694579	0.000472182444698377	-0.00908884483474249
0.913342808365787	-0.00142565762124436	-0.0179171988042072
0.912028520873477	-0.00534330699718264	-0.0258575297841397
0.910819104496894	-0.0111395077357263	-0.0328416695013639
0.912469290745288	-0.0161011407329814	-0.0356599726602061
0.916351637214512	-0.0197498362387685	-0.0316846374698016
0.921593222111253	-0.0202593818332202	-0.0236291975847913
0.942593670109847	-0.00905925001781183	-0.0243153858283469
0.942407319479394	-0.00203895110267945	-0.0130380861088595
0.941647874073493	0.00826440854870004	-0.0120824164743627
0.938809302424392	0.0155811761137129	-0.0202257118054626
0.938917761167624	0.0221994075619924	-0.0335135276484158
0.939052944180659	0.0206047602298226	-0.0450751650111412
0.940880022658684	0.0152867904893891	-0.0565120632832185
0.937981935691913	0.00725815315085398	-0.0616045836595047
0.936078907876286	-0.000602719011716452	-0.0653308213504212
0.934723726771884	-0.00752680274131159	-0.0625382346038651
0.936238472320571	-0.0114089989362096	-0.0539735936637557
0.939520934142444	-0.0119885416789966	-0.0393844945608513
0.957354354842071	-0.0150881566679414	-0.0217858417499677
0.955233143415864	-0.0107221216638291	-0.0110836436943177
0.953375722633336	0.001548349648257	-0.00774721467691149
0.949187920369223	0.014611816062251	-0.0128089958431558
0.950501359477649	0.0229484712157646	-0.0221762488379051
0.954128254677149	0.027748195276598	-0.0346994306448882
0.958580641820125	0.0231673913759763	-0.0468216143089419
0.963662774626778	0.016514704025082	-0.0569364316219093
0.963074299062733	0.00630004378573398	-0.0604770770155068
0.963225544173191	-0.00336202986204393	-0.0581771755804541
0.959659853516739	-0.00994652846092844	-0.0488182501689487
0.957386104354525	-0.0153525281332015	-0.0377766651168078
0.979296106949339	0.00282621450760194	0.00187919812221158
0.973014816801726	-0.000759651989070138	0.011217209831804
0.964459980369996	-0.00567952151162536	0.0155319576480133
0.961201808240907	0.000589921221074788	0.0189192544532845
0.958765576740908	0.00787179419141419	0.0143516907137962
0.960052922904341	0.015490082099341	0.00630078696935668
0.963221582383989	0.0214406373412466	-0.00400028996208304
0.9685164343702	0.0234639747592091	-0.0121089237184962
0.974520269985139	0.0242676464059494	-0.0173540950599925
0.97916879396121	0.0209203762527208	-0.0172030531156056
0.983106474521692	0.0172042210003136	-0.0130983128552058
0.981548529027679	0.0098459441418443	-0.00594889802208678
0.979964259351966	0.0366136129207786	0.0475632264165267
0.983135253688755	0.0340387683380421	0.0555199979102096
0.977336288119858	0.0240553244796391	0.0590053361043976
0.971401405834414	0.0157619241877197	0.062636663684191
0.964220672646581	0.0148798878582083	0.064449285879412
0.957962591557026	0.01587103095247	0.061399023427341
0.955026422747231	0.0207023179369599	0.0585482975787676
0.954634456898015	0.0257229624526511	0.0527556998423447
0.958074389698488	0.0300962634058757	0.0468077200257351
0.962700721463201	0.0342395541608183	0.0421574795394999
0.968806436999357	0.0372029073403156	0.0408129124448437
0.974868693472305	0.039603743201885	0.0426254089755988
0.952312817441564	0.0469484621816878	0.0790598059788699
0.962458655276106	0.0434169961137034	0.0861905797914256
0.969291281021188	0.0406197650816104	0.0970528235268871
0.966771733735336	0.0359370486050058	0.105817364387613
0.962278437356909	0.0322070127534507	0.115056892512931
0.954900397948472	0.0294196985347403	0.118693389566034
0.948102665776138	0.0267433416274169	0.120415153503025
0.941047315834494	0.0264130942748155	0.117706450700395
0.936015746614597	0.0269292382179058	0.113795309847092
0.934279211189275	0.0296808417693159	0.105867438779172
0.937438527580395	0.0330262919138795	0.0963326229401562
0.945896875947257	0.0386251241937699	0.0845704871451008
0.930026571053335	0.0424421020986719	0.0934942129180618
0.939968193585652	0.0554830676164345	0.0850189558156661
0.935908247568982	0.0615878030913723	0.0895334100005061
0.928413960594594	0.0664435017990384	0.0947026349229082
0.920500232790763	0.0630221384641155	0.102684142970001
0.911634404017222	0.0598766755672734	0.111109147141334
0.906379994900906	0.0515032629394235	0.11653742075192
0.900043938791056	0.0439438165727484	0.122478182992824
0.899996548587755	0.0353813024177789	0.122751561539207
0.901936798957732	0.0287150727902381	0.121523650060926
0.908485421684108	0.0276772779659804	0.112455352683455
0.917029394763946	0.0306812094807169	0.103572002996862
0.92839003360745	0.0218450350286477	0.098109550242301
0.930429653359452	0.0331755881357921	0.0890628694074041
0.927596838737598	0.0454416244520286	0.0797924107692736
0.92343390608282	0.0457527861689077	0.0759155023637222
0.916796415390835	0.0435004607075775	0.0725869091854031
0.910887347399972	0.0383821763526494	0.0721271170353655
0.904717581195981	0.030895454629174	0.0730329304279472
0.90378904185588	0.020707189123903	0.0778939757156107
0.90117174599107	0.0110133286813847	0.0826936491046402
0.902820442994611	0.00683769078999316	0.0917453211210865
0.905253048026328	0.00328921009890358	0.0990485813689418
0.917585056599503	0.00964044290574964	0.100132415213757
0.940506562412223	-0.012579489522665	0.101245109348111
0.95049329479158	-0.00827414577533137	0.104125731310993
0.958581215647039	-0.00374484322336181	0.102460811377521
0.966504384612663	-0.000517931633825232	0.100814611198347
0.971348580881148	0.00357574656280214	0.0969120627021144
0.975105209187117	0.00707777179444418	0.0928508335905192
0.975239116320707	0.0112291878282191	0.0862370020575553
0.972243781481157	0.0138998282867489	0.0804814704963897
0.948656330935768	0.00881100123591155	0.0767042145038104
0.932969908316706	-0.00372825781607349	0.0805567585460874
0.929872665613309	-0.0110264804910885	0.0906089964571994
0.931065606184241	-0.0161139075209504	0.0990281287193293
0.954555117562	-0.0105696942043777	0.0487848086049625
0.959178808511642	-0.012768685701036	0.0469587739645755
0.962684022705902	-0.0166392060763136	0.0479992512007079
0.967969566228969	-0.0175068580628066	0.0491432215698768
0.973305239949335	-0.0196087031102491	0.0485831878200685
0.979469247762974	-0.0182106003565624	0.0467938024124329
0.983777463752117	-0.0143780434510489	0.0477364966399035
0.983063639562261	0.000618092933491705	0.0540812435948496
0.978628796313177	0.0132307049092815	0.0620579487144371
0.96889427575342	0.00748426483360732	0.060119142470409
0.961119036386065	0.00199338890833689	0.0564012479337609
0.956583298688471	-0.00473065500207987	0.0534277985659432
1.	0.0351399065172521	0.00693158825277681
1.	0.0162523744747802	0.000354255184665555
1.	0.00693158825277682	0.00486009748274832
1.	0.000354255348479614	0.0237476303839626
1.	0.00486010730562184	0.0330684138734102
1.	0.0134226707326499	0.0388875328089666
1.	0.0237476289007505	0.0396457489344586
1.	0.0388875322468226	0.0265773303204884
0.9170022900140351	0.035773509050882356	0.09536698087601696
0.35780310053202624	0.038162802901161336	0.11854002897073398
0.5926613804469869	0.03873528331222805	0.06762453735695653
0.45035760937539143	0.030564694945888555	0.045224413678781696
0.38580481182539744	0.02564270011741733	0.05335162456527183
0.5315115144265485	0.04157727124330646	0.06124251233413423
0.04338775295130557	0.020616759258495092	0.014596113911936664
0.3513397476733895	0.023908437339185965	0.022858499471964302
0.3941094451475718	0.0018284759291685836	0.06995815778417463
0.38355367830627335	0.02972520280032381	0.11690846054213065
0.4222334087455475	0.010647178645047387	0.05182311368112473
0.9634041246114703	0.008442465513003483	-0.016565597207455533
0.9613888251941937	-0.003366696083720671	0.07159709912274176
0.06436767336313554	0.034081771777040186	0.040119902687380415
0.396858648157729	0.026574297994730402	0.08744987623704574
0.48437995690757263	0.03849930873807489	0.049015888868553924
0.31361481334923774	0.0232969251740659	0.008807910396905337
0.9283130339944361	-0.003770108330413381	-0.02681623087795991
0.9683432013458465	0.019439112301349728	0.02666594075869499
0.019553726055878583	0.014284320438108228	0.009265207752750004
0.15609799064682625	0.1252446781295616	0.08532861395875085
0.222896401714975	0.09953546986798441	0.0844030820908371
0.6829259151667116	0.0013542418958781958	-0.017859078535615636
0.6834213157262455	-0.01132761163964142	0.056341154119392486
0.23909542383510413	0.05409079328510836	0.05396599562566525
0.28609246422542667	0.017346421482541164	0.009021012889533445
0.934763418570515	0.012749856914103951	0.08812042470239186
0.19500630304311828	0.12528554800137368	0.09659401423881901
0.8711061763361898	-0.045036988315176905	0.025442545303657207
0.36962375945430154	0.015373379283394875	0.08635989364821632
0.9034407667837391	-0.021925966082837287	0.0006675920735954551
0.11188712329875124	0.062499033183450806	0.07135775482561095
0.6503569064919636	0.018834026927013522	0.06358775198457116
0.6798503778171564	-0.02317047165082697	0.008746119831790432
0.9479207693258646	0.004215746015002081	-0.03654940389782059
0.6883867916561995	-0.030077965668182948	0.03872576182795757
0.78451216934603	-0.04723411763116574	0.022626521023592864
0.128051757308613	0.09890696162111061	0.07067344068098882
0.08878179845467185	0.04320566193389795	0.06679864325427284
0.2600239693558288	0.019948754726807894	0.02256339688780237
0.7083176040301785	0.009241537324234283	-0.021602632408527674
0.7436081360543728	-0.0157389167529289	-0.002376658183565464
0.35218833640049	0.03426874776914943	0.09929183076303964
0.9585142216462159	0.030704518666705732	0.07711248009966114
0.9341013032568474	0.040123160530333934	0.10341917132492505
0.8301749251403762	-0.05846483574437091	0.03473303236734885
0.9795308669185264	0.00219355956408527	0.03929149868898969
1722	4
311	585	312	323
293	598	294	305
436	611	437	449
24	16	1	25
611	613	454	453
600	617	475	474
387	605	386	375
586	598	290	289
600	617	477	476
441	611	442	453
586	593	281	282
41	589	40	28
42	589	30	43
505	601	504	493
455	613	466	443
616	618	362	363
591	593	263	274
489	594	490	501
604	610	111	112
36	596	37	48
4	17	21	30
200	597	201	213
301	598	288	289
583	609	544	543
265	591	264	253
191	597	203	202
588	598	308	309
587	597	200	199
460	600	461	473
198	587	197	185
479	594	480	491
594	601	501	500
0	602	16	23
195	587	183	196
86	603	87	98
315	588	314	303
44	589	43	32
91	603	104	103
587	590	182	183
26	589	39	38
193	587	181	194
217	592	205	218
61	614	62	74
585	588	319	320
145	622	144	133
398	624	410	397
600	617	467	478
385	623	386	397
145	608	146	157
588	598	303	304
614	620	74	73
548	609	549	560
551	595	563	562
591	593	272	271
190	590	178	179
95	610	96	107
574	15	563	582
603	620	86	87
590	599	169	170
586	593	277	278
254	612	253	242
599	608	163	164
59	614	72	71
61	614	74	73
552	609	539	540
114	604	115	126
586	593	285	286
27	589	28	39
606	615	338	339
208	592	209	220
374	616	373	362
513	601	512	501
464	600	465	477
358	606	346	347
222	592	209	210
452	613	464	451
324	585	323	312
594	617	489	490
592	597	206	207
36	589	35	24
348	618	349	360
322	588	309	310
587	590	183	184
463	600	475	462
98	603	85	86
217	592	216	205
295	598	296	307
302	598	290	303
567	595	566	554
312	588	299	300
614	621	66	67
394	605	393	381
286	593	285	274
595	629	569	568
606	618	356	355
90	620	89	78
215	592	203	216
180	587	181	192
22	602	13	5
434	628	433	421
49	621	50	61
173	590	185	172
590	599	170	171
160	608	159	148
173	590	174	185
415	624	414	403
341	615	340	329
587	590	181	182
587	597	196	195
140	622	141	152
164	608	163	152
390	623	391	403
193	587	192	181
588	598	309	310
60	614	61	72
594	617	487	488
603	610	101	100
122	607	123	135
404	624	405	416
126	607	139	138
325	585	324	312
484	594	485	497
74	620	87	86
604	607	122	121
333	585	320	321
585	588	322	311
230	625	231	242
518	626	517	506
108	604	109	120
457	613	456	445
235	625	236	248
206	592	207	218
361	616	362	373
182	587	183	194
112	610	111	100
606	618	354	353
413	619	414	425
447	613	448	460
255	591	268	267
585	615	329	328
273	591	261	274
447	613	460	459
499	594	486	487
446	611	445	434
79	614	78	67
612	625	245	246
626	627	522	521
619	628	419	430
376	616	375	364
293	586	292	281
586	593	284	285
601	626	510	509
205	592	206	218
612	625	242	243
221	584	222	233
286	593	274	275
603	620	84	85
493	594	480	481
502	594	501	490
95	610	107	106
94	620	82	83
345	615	344	333
592	597	204	205
149	622	148	137
134	607	133	122
611	613	447	446
113	610	100	101
616	618	368	369
464	613	463	451
336	615	335	323
179	587	180	192
534	627	533	521
600	617	476	475
426	628	427	438
484	594	497	496
600	613	463	464
271	591	270	259
594	601	497	496
67	614	68	80
446	613	447	458
343	606	344	355
278	593	277	266
583	627	535	536
592	597	209	210
380	605	381	392
605	616	381	382
335	606	347	346
425	619	412	413
576	577	12	567
259	612	258	246
320	588	319	307
588	598	306	307
38	589	37	26
516	627	517	528
365	618	364	353
556	595	557	569
242	612	243	255
284	586	285	296
491	601	514	502
35	596	48	47
252	591	253	264
587	590	186	187
141	607	128	129
495	601	496	508
32	602	22	5
295	586	294	283
409	624	408	397
599	608	164	165
488	617	475	476
122	607	135	134
619	624	408	409
133	622	146	145
544	609	545	556
213	592	214	226
458	613	457	445
606	618	348	347
151	608	152	163
431	611	443	442
140	607	139	128
69	614	82	81
362	618	361	349
261	612	248	249
451	611	438	439
367	618	366	355
572	629	14	571
89	620	76	77
176	590	177	189
332	615	333	344
237	625	250	249
324	615	325	336
463	600	464	475
369	618	368	357
179	587	202	190
175	599	163	176
602	29	17	28
460	600	473	472
623	624	406	405
234	625	246	233
175	590	187	174
166	599	155	178
599	608	165	166
590	599	172	173
603	620	91	92
121	604	109	122
112	604	124	111
11	26	27	2
603	620	90	91
462	613	449	450
616	618	366	367
374	605	386	373
103	603	102	91
550	609	562	549
414	624	401	402
413	624	412	401
612	625	239	240
212	592	213	224
486	617	485	473
416	624	403	404
585	615	326	325
19	26	11	2
167	590	168	179
623	624	403	402
143	608	144	155
587	597	195	194
592	597	214	203
592	597	212	213
276	593	275	264
175	590	176	187
141	622	142	154
448	613	449	460
488	594	489	501
616	618	367	368
587	597	194	193
372	616	371	360
69	614	70	82
123	607	124	135
366	616	367	379
462	613	461	449
200	597	213	212
265	593	266	277
127	604	126	115
258	591	259	270
97	610	98	109
605	616	371	372
33	589	34	45
603	620	89	90
608	622	147	148
603	620	88	89
372	605	373	384
183	587	184	196
306	588	307	318
608	622	144	145
493	594	492	480
193	597	194	205
349	606	348	336
465	613	464	453
524	627	525	536
231	584	218	219
583	609	547	546
611	628	440	441
595	609	554	555
24	589	25	37
212	597	211	200
259	591	260	272
388	623	401	400
25	16	1	26
166	608	165	154
302	588	303	314
585	615	331	330
594	601	494	493
282	586	283	294
399	623	398	386
105	610	117	104
360	618	359	347
317	585	318	329
588	598	305	306
199	587	198	187
195	587	194	183
605	623	383	394
309	598	296	297
589	602	25	26
163	608	150	151
169	599	157	170
40	589	39	28
590	599	168	169
210	597	209	198
28	11	27	2
256	591	257	268
584	592	221	222
41	589	28	29
605	623	386	385
586	593	276	277
300	588	301	312
162	599	174	161
585	588	311	312
595	629	574	573
583	609	546	545
250	625	238	227
214	597	213	202
585	588	312	313
314	588	313	301
585	615	323	334
329	615	342	341
3	11	28	2
611	628	433	434
154	622	142	131
605	616	382	371
606	618	358	357
600	617	473	472
359	616	360	371
242	612	255	254
523	626	522	510
376	605	377	388
605	623	385	384
611	613	452	451
619	624	414	415
15	7	575	563
599	608	166	155
608	622	153	154
374	605	375	386
599	608	157	158
109	604	110	122
146	608	147	159
182	590	181	170
584	592	224	225
176	590	189	188
587	590	189	190
468	600	467	456
42	589	41	30
592	597	208	209
113	604	114	126
60	621	48	61
594	601	492	491
587	590	185	186
471	600	458	459
156	599	168	155
343	615	342	331
246	625	245	233
611	628	438	439
469	600	468	456
255	591	256	268
117	604	118	130
180	590	168	181
163	599	164	176
223	592	222	211
461	600	462	473
605	623	384	383
475	600	474	462
595	609	557	558
290	598	291	303
591	612	252	253
110	610	98	111
498	594	497	486
587	590	180	181
587	590	187	188
305	588	318	317
179	587	192	191
166	608	154	155
585	615	325	324
149	608	161	148
328	585	316	329
587	597	199	198
494	601	495	506
17	602	11	13
130	604	107	119
123	604	122	111
616	618	364	365
371	605	383	394
488	594	501	500
270	591	269	257
89	603	102	101
304	588	305	316
121	604	120	109
287	598	299	298
586	598	298	297
108	610	107	96
358	618	370	357
201	587	200	189
411	624	410	399
371	605	384	383
90	603	91	102
98	610	99	111
585	588	318	319
23	0	24	16
328	615	340	327
139	622	152	151
524	626	523	512
186	590	185	174
332	615	344	331
330	585	329	318
500	594	499	488
591	612	257	258
494	601	506	493
73	620	74	85
318	585	319	331
109	610	96	97
586	598	295	294
590	599	173	174
614	621	69	70
599	608	161	162
602	25	26	16
26	16	19	11
344	615	343	331
319	588	318	307
604	607	119	130
583	609	543	542
594	617	488	489
263	593	275	274
23	589	24	35
546	609	547	558
295	586	283	296
225	592	224	213
611	613	450	449
612	625	250	239
24	16	18	1
257	612	244	245
595	609	553	554
211	592	224	223
419	628	420	432
167	599	155	168
373	616	372	360
81	620	82	93
1	16	19	26
192	597	205	204
605	623	387	386
29	589	30	41
319	585	320	331
586	598	293	292
219	592	218	207
308	598	307	296
179	587	191	202
34	602	0	23
209	597	208	196
426	619	425	414
160	599	161	172
529	627	528	517
197	587	196	185
381	616	368	369
46	589	34	35
585	588	320	321
595	609	555	556
77	614	65	78
311	588	322	299
583	609	549	548
327	585	326	314
89	603	90	102
587	597	202	201
289	586	288	277
65	614	66	78
375	616	362	363
262	591	251	274
175	599	174	163
584	592	226	215
607	622	133	132
587	597	191	202
470	600	469	458
364	616	377	376
371	605	372	384
607	622	137	136
466	613	453	454
586	598	289	288
137	607	136	124
264	591	251	252
322	588	321	309
441	628	429	442
332	585	331	320
136	622	148	135
333	585	332	320
595	629	572	571
480	617	479	467
474	600	473	462
311	585	323	322
189	587	190	202
471	617	472	484
596	621	55	54
405	623	392	393
124	604	123	111
395	624	408	407
24	589	37	36
115	604	128	127
406	623	394	395
381	616	380	368
253	591	266	265
115	604	116	128
194	597	207	206
600	613	461	462
583	627	537	538
158	608	157	146
144	608	145	157
450	611	449	438
587	597	201	200
461	613	460	449
206	597	205	194
97	603	85	98
16	0	24	18
337	615	336	325
167	590	179	178
619	624	411	412
170	590	171	183
606	618	353	352
362	618	349	350
455	600	467	466
55	621	56	67
600	617	468	467
182	590	170	183
119	604	107	120
594	617	490	479
171	590	172	183
395	624	418	406
31	602	21	32
583	609	541	540
587	597	192	191
464	600	477	476
131	622	132	144
149	608	150	161
4	17	30	20
369	616	370	381
59	614	60	72
511	626	523	510
382	616	370	371
478	600	477	466
402	624	403	414
478	600	466	467
400	624	401	412
195	597	196	207
391	623	392	403
147	622	146	135
156	608	155	144
558	609	545	546
113	604	126	125
485	594	486	497
557	609	556	545
17	31	21	30
305	598	292	293
158	599	170	157
192	597	193	205
267	591	266	255
15	10	582	573
62	614	63	74
595	629	570	569
313	588	312	301
273	591	272	261
585	588	321	322
317	588	316	305
68	621	67	56
308	588	320	307
299	588	322	310
585	588	316	317
316	588	315	303
201	597	202	213
591	612	259	260
274	591	251	263
269	591	268	257
66	614	67	78
316	585	317	329
588	598	299	300
289	598	290	301
459	613	458	447
402	623	401	390
606	618	349	348
221	592	220	209
612	625	241	242
601	626	514	513
562	609	561	549
80	620	81	93
125	604	124	113
184	587	185	196
210	592	211	222
137	607	124	125
592	597	207	208
616	618	363	364
614	621	59	60
56	621	57	69
623	624	400	399
592	597	203	204
26	589	27	39
619	624	416	417
191	597	192	203
596	621	58	57
352	618	353	364
481	617	480	469
143	608	155	154
395	624	396	408
129	604	117	130
156	599	157	168
379	605	392	391
465	600	466	477
608	622	148	149
605	623	388	387
83	603	84	96
169	590	170	181
354	618	355	366
153	608	154	165
393	605	392	381
277	586	278	290
488	617	487	475
8	629	575	565
587	590	184	185
181	590	168	169
329	615	330	342
187	590	186	174
604	610	109	110
584	625	228	227
199	597	200	211
360	618	347	348
594	617	485	486
353	618	354	366
368	618	367	355
188	590	187	176
619	624	418	407
455	600	456	467
184	590	183	172
594	617	486	487
482	617	481	469
382	605	394	381
612	625	244	245
136	622	137	148
197	597	198	209
589	602	30	31
612	625	247	248
190	590	189	178
594	617	483	484
470	617	471	482
51	621	52	63
444	613	445	456
457	600	469	456
600	613	465	466
180	590	179	168
306	598	294	307
476	600	475	464
338	615	325	326
395	624	407	418
211	597	210	198
146	608	159	158
599	608	156	157
599	608	155	156
121	607	122	133
162	608	161	150
31	602	30	17
81	614	80	69
452	613	453	464
247	612	248	259
113	610	112	100
587	597	197	196
371	605	394	382
112	604	113	124
17	29	30	20
592	597	205	206
97	603	96	85
591	612	255	256
295	598	307	294
313	585	325	312
116	604	117	128
619	624	413	414
616	618	370	359
594	617	484	485
623	624	405	404
291	586	290	279
376	605	388	375
619	624	409	410
388	605	387	375
623	624	398	397
594	617	479	480
23	602	16	24
474	617	475	486
599	608	162	163
605	623	393	392
43	589	30	31
130	604	118	107
417	624	416	405
45	596	46	58
607	622	136	135
347	618	359	370
356	618	368	355
614	620	79	78
600	617	474	473
606	618	357	356
110	604	111	122
129	604	128	117
356	618	357	368
603	620	94	83
152	608	153	165
107	604	108	120
616	618	369	370
599	608	160	161
147	608	148	159
99	610	100	111
495	594	494	482
163	608	162	150
543	609	556	555
457	600	458	469
614	621	60	61
361	618	360	349
211	597	198	199
66	621	54	67
594	617	480	481
389	605	388	377
584	625	231	230
67	621	54	55
587	590	179	180
599	608	159	160
483	617	482	471
471	600	470	458
587	590	190	179
487	617	486	475
377	605	378	390
334	615	323	346
380	616	379	368
3	17	20	28
339	615	338	327
476	617	477	488
602	11	28	17
11	17	3	28
354	606	353	342
604	607	126	125
297	586	296	285
300	598	299	288
585	588	314	315
305	588	306	318
70	614	59	82
487	594	488	499
68	614	69	80
164	599	165	176
607	622	131	142
46	589	45	34
207	592	208	220
5	602	6	34
365	616	366	377
209	597	196	197
158	599	159	170
32	589	33	45
607	622	141	140
502	594	490	491
17	602	22	21
540	609	541	552
32	589	45	44
66	621	65	54
535	627	534	523
105	603	93	106
263	591	251	264
479	617	490	467
260	591	261	272
606	618	350	349
312	588	311	299
586	598	287	298
254	591	255	266
79	620	80	91
600	613	460	461
31	589	32	43
414	619	415	427
604	607	127	126
315	585	327	314
566	629	567	576
361	616	373	360
592	597	210	211
261	591	262	274
321	588	320	309
315	585	316	327
189	587	202	201
187	587	188	200
527	627	538	515
284	593	283	272
604	607	120	119
259	591	272	271
326	585	325	314
15	7	563	582
105	603	104	93
129	607	130	141
595	609	551	552
328	585	327	316
334	585	333	322
584	592	215	216
308	588	309	320
583	609	542	541
604	607	125	124
605	616	379	380
119	607	131	130
208	597	207	196
481	594	482	493
592	597	211	212
304	588	316	303
43	596	44	56
77	614	76	65
584	625	227	238
588	598	310	299
594	617	481	482
512	626	525	524
187	587	200	199
614	620	76	75
560	609	559	547
266	593	267	279
584	592	216	217
345	606	357	344
526	626	525	514
444	611	443	432
586	593	279	280
590	599	176	177
302	598	301	290
298	586	286	275
88	620	87	76
605	623	391	390
71	620	72	83
600	617	469	468
233	584	232	220
359	616	371	370
382	616	381	370
23	589	35	34
239	612	251	250
142	607	141	130
188	587	189	200
585	588	317	318
595	609	556	557
499	594	498	486
125	607	126	137
203	592	226	214
611	613	444	443
490	617	489	477
335	606	336	347
588	598	307	308
232	625	233	244
194	597	195	207
443	613	466	454
352	606	351	340
348	606	347	336
399	623	386	387
276	586	277	288
131	622	144	143
389	623	390	401
229	625	230	242
559	595	560	571
390	623	403	402
350	606	349	338
177	599	176	165
245	612	246	257
393	623	394	405
363	618	362	351
204	592	205	216
334	585	322	323
186	587	198	185
584	592	225	226
404	623	403	392
601	626	504	503
358	606	357	346
583	627	530	531
611	613	451	450
612	625	240	241
260	612	248	261
224	584	225	237
15	629	564	575
72	620	85	84
514	601	501	502
590	599	177	178
224	584	237	236
554	609	553	541
549	583	536	537
413	624	401	414
42	596	43	54
46	596	35	58
553	595	554	565
584	592	217	218
537	627	536	525
211	592	212	224
520	627	521	532
72	620	73	85
570	14	571	579
605	623	389	388
606	618	351	350
269	593	270	281
156	608	144	157
278	586	279	290
271	593	272	283
601	626	506	505
571	581	580	14
605	616	378	379
41	596	54	53
591	612	262	251
591	593	269	268
566	595	565	554
606	615	340	341
230	584	229	218
611	613	443	454
586	593	275	276
604	610	113	114
581	572	14	571
579	570	14	569
578	579	14	569
607	622	138	137
606	615	337	338
282	593	270	283
585	588	313	314
611	613	453	452
110	610	109	98
397	623	396	384
153	622	152	141
31	602	17	21
604	610	108	109
458	613	445	446
603	610	97	96
437	628	436	425
511	601	510	499
594	601	493	492
266	593	279	278
238	584	226	227
623	624	399	398
516	627	528	515
133	622	134	146
591	593	265	264
177	590	178	189
173	599	172	161
608	622	154	143
21	602	22	32
591	593	268	267
493	601	506	505
126	607	127	139
592	597	213	214
249	625	248	237
264	593	277	276
216	584	217	229
572	14	573	581
284	593	272	285
586	593	286	275
591	593	264	263
591	593	271	270
518	627	519	530
587	597	198	197
340	615	339	327
240	612	253	252
186	587	187	198
591	612	258	259
594	601	502	501
247	612	259	246
252	612	251	240
561	595	562	573
574	595	573	562
118	610	106	107
114	610	102	115
396	624	397	408
52	596	51	39
585	615	330	329
585	615	324	323
225	584	226	237
51	596	50	39
583	609	545	544
583	627	534	535
40	596	41	52
38	596	39	50
586	598	294	293
564	595	563	552
388	623	389	401
238	584	237	226
232	584	231	220
34	602	6	0
174	599	173	161
553	609	552	541
500	601	501	512
509	601	508	497
619	628	424	423
512	601	499	500
595	609	559	560
604	610	107	108
626	627	515	526
13	602	11	16
529	583	530	541
0	602	6	16
326	615	327	338
522	627	523	534
528	627	527	515
14	10	573	581
5	602	13	6
44	596	45	56
137	622	150	149
281	593	268	269
415	619	416	427
611	613	446	445
270	593	271	283
565	595	552	553
522	626	521	510
463	613	462	451
440	628	427	428
539	609	562	550
29	602	17	30
570	595	569	558
586	593	278	279
554	609	541	542
152	608	165	164
585	615	332	331
583	627	538	527
512	601	511	499
538	627	537	525
538	627	525	526
626	627	517	516
35	596	36	48
116	610	115	104
557	595	558	569
567	595	554	555
591	593	270	269
603	620	87	88
47	621	48	59
13	602	16	6
498	601	499	510
310	598	298	299
591	593	267	266
86	620	85	74
387	623	388	399
383	623	395	394
70	621	58	59
611	613	449	448
600	613	462	463
262	612	250	251
591	612	251	252
584	592	218	219
600	613	458	459
184	590	172	185
231	625	244	243
601	626	507	506
605	623	390	389
470	617	482	469
605	616	373	374
378	616	377	366
568	595	556	569
587	590	188	189
285	586	286	298
590	599	175	176
421	619	408	409
287	598	288	299
542	609	543	554
604	607	130	129
614	620	81	80
398	623	397	386
552	609	551	539
136	607	135	124
561	609	560	549
586	598	296	295
282	593	281	270
297	598	298	309
584	592	223	224
284	586	296	283
588	598	300	301
258	591	270	257
601	626	503	514
604	610	118	107
253	591	254	266
608	622	143	144
601	626	505	504
590	599	171	172
400	624	412	399
605	616	380	381
414	619	427	426
77	620	78	89
604	607	121	120
467	617	490	478
590	599	167	168
510	601	509	497
335	615	346	323
58	596	35	47
137	622	138	150
280	593	279	268
585	615	328	327
589	602	32	33
606	615	336	337
83	603	96	95
571	595	570	558
43	596	56	55
586	593	280	281
281	593	280	268
606	615	341	342
524	627	536	523
575	629	8	15
313	585	314	325
247	625	235	248
356	606	355	344
181	587	182	194
431	611	432	443
241	612	242	253
626	627	523	522
584	592	219	220
619	628	428	427
141	607	140	128
595	609	560	561
548	609	560	547
231	625	232	244
287	586	275	288
279	586	280	292
600	613	459	460
219	592	207	220
605	616	375	376
433	628	432	421
526	626	514	515
272	593	273	285
573	15	10	14
535	583	547	534
574	15	582	573
306	598	305	294
74	620	75	87
518	627	530	517
297	586	285	298
507	601	506	495
606	615	339	340
162	599	163	174
240	625	227	228
601	626	513	512
605	616	377	378
340	606	341	353
601	626	512	511
48	621	49	61
101	603	100	89
78	620	79	91
15	629	574	563
586	598	291	290
584	592	220	221
623	624	395	406
262	612	261	250
222	592	221	209
267	593	268	279
214	597	202	203
417	619	429	416
608	622	145	146
605	623	392	391
603	610	106	105
595	629	563	574
92	620	91	80
245	625	244	233
605	623	394	393
120	607	133	132
291	586	279	292
516	626	515	504
419	628	442	430
62	621	61	50
584	625	230	229
578	629	569	14
490	617	477	478
400	623	399	388
239	612	240	251
240	612	241	253
586	598	292	291
256	612	255	244
277	586	290	289
614	620	75	74
132	622	133	144
601	626	511	510
57	621	58	69
344	606	357	356
422	619	421	410
603	620	83	84
385	623	397	384
345	606	346	357
230	584	218	231
600	617	472	471
237	625	238	250
604	610	117	118
341	606	342	353
12	629	578	14
603	620	93	94
594	601	495	494
619	628	425	424
355	606	342	343
588	598	304	305
601	626	509	508
600	617	470	469
555	595	556	567
444	611	432	445
522	627	534	521
451	611	450	438
510	601	497	498
492	601	493	504
217	584	218	229
619	624	415	416
109	610	108	96
596	621	57	56
594	601	499	498
559	595	571	558
594	617	482	483
608	622	152	153
101	610	102	113
450	613	451	462
605	616	376	377
398	624	399	410
474	617	486	473
590	599	174	175
595	609	558	559
102	610	103	115
589	596	41	40
561	595	573	560
223	584	224	235
479	594	491	490
591	593	266	265
456	613	455	443
215	584	227	226
273	593	274	285
608	622	151	152
586	593	283	284
585	615	333	332
275	586	276	288
603	610	103	102
396	623	395	384
425	628	426	438
564	15	575	563
291	598	292	303
17	602	13	22
589	596	42	41
496	601	497	508
11	602	28	27
215	592	226	203
165	599	178	177
590	599	178	167
611	628	434	435
583	609	548	547
614	620	73	72
491	601	503	514
70	621	69	58
454	611	453	442
60	621	59	48
92	603	93	104
118	610	117	106
539	609	551	562
574	595	562	563
365	618	353	366
440	611	453	452
568	595	567	556
249	612	250	261
612	625	249	250
68	621	56	69
203	592	204	216
405	623	404	392
584	625	237	236
52	596	39	40
339	606	351	338
243	625	242	231
310	598	309	298
236	625	237	248
351	606	350	338
468	617	469	480
250	625	227	239
229	625	242	241
228	625	229	240
169	599	168	157
120	607	121	133
448	611	436	449
339	606	340	351
447	611	446	434
595	609	561	562
32	602	5	33
626	627	521	520
119	607	120	131
515	627	538	526
294	586	293	281
452	611	451	440
588	598	301	302
587	597	193	192
589	596	39	38
409	619	410	421
454	611	442	443
138	607	137	126
337	606	338	349
585	615	334	333
298	586	275	287
584	592	222	223
558	609	557	545
160	608	148	161
603	610	99	98
565	595	564	552
304	598	303	292
159	599	160	172
117	610	116	104
165	599	166	178
583	609	540	539
167	599	178	155
49	596	48	37
626	627	526	525
583	627	529	530
626	627	516	515
301	598	300	288
586	598	297	296
219	584	220	231
466	613	465	453
215	584	216	227
600	613	464	465
591	593	274	273
600	613	456	457
234	584	233	222
243	612	244	255
605	616	374	375
456	613	443	444
600	613	457	458
236	584	235	224
591	593	273	272
600	613	455	456
375	616	374	362
235	584	234	222
221	584	233	220
600	613	466	455
228	584	227	216
228	584	216	229
171	599	170	159
589	596	35	46
573	595	572	560
594	601	500	499
349	606	336	337
519	627	532	531
594	601	496	495
531	627	530	519
604	610	112	113
154	622	131	143
551	595	552	563
626	627	520	519
53	596	52	41
529	627	517	530
546	583	545	534
547	583	546	534
41	596	42	54
334	615	346	333
37	596	38	50
57	596	56	45
608	622	150	151
328	615	329	340
45	596	58	57
338	615	337	325
608	622	149	150
585	615	327	326
71	620	83	82
352	606	340	353
294	586	281	282
280	586	281	292
309	598	308	296
406	623	405	394
258	612	257	246
257	612	256	244
260	612	259	248
591	612	256	257
492	594	491	480
614	620	82	81
555	609	554	543
605	616	372	373
134	622	135	146
80	620	93	92
94	620	93	82
47	621	59	58
383	623	384	395
204	597	203	192
604	607	123	122
492	601	504	491
623	624	404	403
600	617	471	470
589	602	29	30
330	615	331	342
472	617	473	484
17	29	20	28
321	585	322	333
591	612	254	255
604	607	128	127
105	610	106	117
604	607	124	123
67	614	80	79
352	618	364	351
142	607	130	131
26	602	11	27
559	609	558	547
127	607	128	139
355	606	354	342
364	618	363	351
25	589	26	37
223	584	235	222
589	602	24	25
591	612	253	254
132	607	131	120
417	619	418	429
489	617	488	477
378	616	366	379
367	616	368	379
397	624	410	409
599	608	158	159
350	618	351	362
225	592	213	226
572	595	571	560
436	628	435	423
589	602	23	24
533	627	532	521
585	588	315	316
596	621	47	58
314	588	301	302
591	612	261	262
591	612	260	261
440	628	439	427
424	628	425	436
318	585	331	330
594	601	491	502
420	628	421	432
536	627	535	523
514	601	513	501
588	598	302	303
603	610	96	95
589	596	38	37
589	596	45	44
82	614	59	71
619	624	412	413
577	567	9	12
568	567	12	9
14	580	571	579
589	602	34	23
263	593	264	275
264	593	265	277
589	602	31	32
485	617	484	473
594	601	498	497
583	627	532	533
537	583	538	549
542	583	541	530
541	583	528	529
533	583	534	545
428	628	429	440
603	610	104	103
535	583	536	547
604	610	110	111
519	627	520	532
429	628	430	442
583	627	528	529
619	628	423	422
527	583	539	538
419	628	431	442
527	583	528	539
103	610	104	115
604	610	115	116
533	583	545	532
603	610	95	106
549	583	548	536
548	583	547	536
603	610	102	101
603	610	98	97
603	610	100	99
626	627	525	524
626	627	518	517
425	628	438	437
419	628	432	431
626	627	519	518
550	583	549	538
550	583	538	539
55	596	54	43
543	583	542	530
541	583	540	528
540	583	539	528
589	596	44	43
114	610	113	102
370	618	369	357
49	596	37	50
364	616	365	377
603	610	105	104
583	627	527	528
544	583	532	545
604	610	114	115
619	628	422	421
439	628	438	427
583	627	531	532
626	627	524	523
583	627	533	534
589	596	36	35
543	583	530	531
589	596	37	36
589	596	46	45
589	596	40	39
604	610	116	117
619	628	430	429
544	583	543	532
589	596	43	42
619	628	426	425
363	616	364	375
531	583	532	543
611	628	432	433
611	628	435	436
611	628	436	437
347	618	370	358
611	613	448	447
611	613	445	444
595	609	562	551
604	607	129	128
543	609	544	556
304	598	292	305
586	593	282	283
586	598	288	287
106	603	83	95
578	629	12	569
73	614	72	61
616	618	361	362
504	601	503	491
324	615	336	323
433	611	434	445
495	601	508	507
583	627	536	537
84	603	85	96
494	594	493	482
606	618	355	354
589	602	26	27
483	594	495	482
589	602	27	28
33	602	5	34
91	603	92	104
606	618	347	358
616	618	360	361
589	602	28	29
496	594	495	484
589	602	33	34
16	602	25	24
483	594	484	495
606	618	352	351
616	618	359	360
616	618	365	366
602	11	16	26
159	599	172	171
595	609	552	553
583	609	539	550
583	609	550	549
614	621	63	64
472	600	471	460
459	600	460	471
596	621	56	55
50	621	63	62
139	622	140	152
93	603	94	106
94	603	83	106
596	621	49	48
614	621	62	63
596	621	51	50
441	611	453	440
346	615	345	333
88	603	89	100
606	615	343	344
99	603	98	87
418	624	417	405
606	615	344	345
385	605	384	373
600	617	478	477
606	615	335	336
64	621	63	52
90	620	78	91
65	621	52	53
614	621	61	62
53	621	54	65
614	621	70	59
439	611	440	451
437	611	438	449
606	615	342	343
100	603	87	88
606	615	345	346
100	603	99	87
391	605	390	379
377	605	390	389
606	615	346	335
378	605	379	390
380	605	392	379
416	624	415	403
433	611	445	432
84	620	83	72
483	617	471	484
411	624	399	412
386	605	385	373
468	617	480	467
418	624	405	406
619	624	417	418
619	624	407	408
75	620	76	87
89	620	88	76
614	620	78	77
614	620	77	76
447	611	434	435
614	620	80	79
603	620	85	86
448	611	447	436
435	611	436	447
614	620	72	71
614	620	71	82
603	620	92	93
601	626	508	507
619	628	420	419
64	614	65	76
141	622	154	153
607	622	140	139
607	622	134	133
596	621	54	53
75	614	74	63
607	622	142	141
608	622	146	147
151	622	150	139
607	622	139	138
596	621	48	47
65	621	64	52
607	622	132	131
64	614	76	63
148	622	147	135
138	622	139	150
596	621	52	51
596	621	53	52
76	614	75	63
614	621	67	68
607	622	135	134
614	621	68	69
50	621	51	63
614	621	65	66
614	621	64	65
596	621	50	49
407	619	419	418
623	624	396	395
407	619	408	419
15	629	14	573
416	619	429	428
428	619	427	416
566	629	576	565
595	629	571	570
14	629	570	571
423	619	422	410
421	619	420	408
15	629	573	574
584	625	234	233
424	619	412	425
612	625	248	249
247	625	246	235
612	625	246	247
234	625	235	246
623	624	397	396
623	624	402	401
430	619	429	418
430	619	418	419
420	619	419	408
595	629	566	565
595	629	568	567
567	629	568	12
14	629	572	573
569	9	568	12
15	629	8	12
8	629	565	576
564	629	565	575
411	619	423	410
570	629	14	569
584	625	235	234
424	619	423	412
595	629	564	563
584	625	238	237
612	625	243	244
584	625	229	228
623	624	401	400
619	624	410	411
595	629	567	566
595	629	573	572
576	629	567	12
14	629	15	12
8	629	576	12
411	619	412	423
584	625	236	235
584	625	232	231
584	625	233	232
595	629	565	564
15	629	563	564
239	625	227	240
241	625	240	229
504	626	517	516
505	626	506	517
519	626	518	506
509	626	510	521
511	626	512	523
611	628	431	432
611	628	439	440
611	628	442	431
611	628	441	442
512	626	513	525
441	628	440	429
513	626	514	525
503	626	515	514
503	626	504	515
505	626	517	504
507	626	519	506
508	626	521	520
508	626	509	521
619	628	427	426
611	628	437	438
619	628	429	428
619	628	421	420
507	626	508	519
520	626	519	508
422	628	434	421
435	628	434	423
424	628	436	423
422	628	423	434
9	578	12	569
569	629	12	568
583
0
1
2
3
4
5
6
7
8
9
10
11
12
13
14
15
16
17
18
19
20
21
22
23
24
25
26
27
28
29
30
31
32
33
34
35
36
37
38
39
40
41
42
43
44
45
46
47
48
49
50
51
52
53
54
55
56
57
58
59
60
61
62
63
64
65
66
67
68
69
70
71
72
73
74
75
76
77
78
79
80
81
82
83
84
85
86
87
88
89
90
91
92
93
94
95
96
97
98
99
100
101
102
103
104
105
106
107
108
109
110
111
112
113
114
115
116
117
118
119
120
121
122
123
124
125
126
127
128
129
130
131
132
133
134
135
136
137
138
139
140
141
142
143
144
145
146
147
148
149
150
151
152
153
154
155
156
157
158
159
160
161
162
163
164
165
166
167
168
169
170
171
172
173
174
175
176
177
178
179
180
181
182
183
184
185
186
187
188
189
190
191
192
193
194
195
196
197
198
199
200
201
202
203
204
205
206
207
208
209
210
211
212
213
214
215
216
217
218
219
220
221
222
223
224
225
226
227
228
229
230
231
232
233
234
235
236
237
238
239
240
241
242
243
244
245
246
247
248
249
250
251
252
253
254
255
256
257
258
259
260
261
262
263
264
265
266
267
268
269
270
271
272
273
274
275
276
277
278
279
280
281
282
283
284
285
286
287
288
289
290
291
292
293
294
295
296
297
298
299
300
301
302
303
304
305
306
307
308
309
310
311
312
313
314
315
316
317
318
319
320
321
322
323
324
325
326
327
328
329
330
331
332
333
334
335
336
337
338
339
340
341
342
343
344
345
346
347
348
349
350
351
352
353
354
355
356
357
358
359
360
361
362
363
364
365
366
367
368
369
370
371
372
373
374
375
376
377
378
379
380
381
382
383
384
385
386
387
388
389
390
391
392
393
394
395
396
397
398
399
400
401
402
403
404
405
406
407
408
409
410
411
412
413
414
415
416
417
418
419
420
421
422
423
424
425
426
427
428
429
430
431
432
433
434
435
436
437
438
439
440
441
442
443
444
445
446
447
448
449
450
451
452
453
454
455
456
457
458
459
460
461
462
463
464
465
466
467
468
469
470
471
472
473
474
475
476
477
478
479
480
481
482
483
484
485
486
487
488
489
490
491
492
493
494
495
496
497
498
499
500
501
502
503
504
505
506
507
508
509
510
511
512
513
514
515
516
517
518
519
520
521
522
523
524
525
526
527
528
529
530
531
532
533
534
535
536
537
538
539
540
541
542
543
544
545
546
547
548
549
550
551
552
553
554
555
556
557
558
559
560
561
562
563
564
565
566
567
568
569
570
571
572
573
574
575
576
577
578
579
580
581
582